6553565535655356553565535655356553565535655356553565535655356553565535655356553565535655356553565535655356553565535655356553565535655356553565535655356553565535
6553565535655356553565535655356553565535655356553565535655356553565535655356553565535655356553565535655356553565535655356553565535655356553565535655356553565535
6553565535655356553565535655356553565535655356553565535655356553565535655356553565535655356553565535655356553565535655356553565535655356553565535655356553565535
6553565535655356553565535655356553565535655356553565535655356553565535655356553565535655356553565535655356553565535655356553565535655356553565535655356553565535
6553565535655356553565535655356553565535655356553565535655356553565535655356553565535655356553565535655356553565535655356553565535655356553565535655356553565535
6553565535655356553565535655356553565535655356553565535655356553565535655356553565535655356553565535655356553565535655356553565535655356553565535655356553565535
6553565535655356553565535655356553565535655356553565535655356553565535655356553565535655356553565535655356553565535655356553565535655356553565535655356553565535
6553565535655356553565535655356553565535655356553565535655356553565535655356553565535655356553565535655356553565535655356553565535655356553565535655356553565535
6553565535655356553565535655356553565535655356553565535655356553565535655356553565535655356553565535655356553565535655356553565535655356553565535655356553565535
6553565535655356553565535655356553565535655356553565535655356553565535655356553565535655356553565535655356553565535655356553565535655356553565535655356553565535
6553565535655356553565535655356553565535655356553565535655356553565535655356553565535655356553565535655356553565535655356553565535655356553565535655356553565535
6553565535655356553565535655356553565535655356553565535655356553565535655356553565535655356553565535655356553565535655356553565535655356553565535655356553565535
6553565535655356553565535655356553565535655356553565535655356553565535655356553565535655356553565535655356553565535655356553565535655356553565535655356553565535
6553565535655356553565535655356553565535655356553565535655356553565535655356553565535655356553565535655356553565535655356553565535655356553565535655356553565535
6553565535655356553565535655356553565535655356553565535655356553565535655356553565535655356553565535655356553565535655356553565535655356553565535655356553565535
6553565535655356553565535655356553565535655356553565535655356553565535655356553565535655356553565535655356553565535655356553565535655356553565535655356553565535
6553565535655356553565535655356553565535655356553565535655356553565535655356553565535655356553565535655356553565535655356553565535655356553565535655356553565535
6553565535655356553565535655356553565535655356553565535655356553565535655356553565535655356553565535655356553565535655356553565535655356553565535655356553565535
6553565535655356553565535655356553565535655356553565535655356553565535655356553565535655356553565535655356553565535655356553565535655356553565535655356553565535
6553565535655356553565535655356553565535655356553565535655356553565535655356553565535655356553565535655356553565535655356553565535655356553565535655356553565535
6553565535655356553565535655356553565535655356553565535655356553565535655356553565535655356553565535655356553565535655356553565535655356553565535655356553565535
6553565535655356553565535655356553565535655356553565535655356553565535655356553565535655356553565535655356553565535655356553565535655356553565535655356553565535
6553565535655356553565535655356553565535655356553565535655356553565535655356553565535655356553565535655356553565535655356553565535655356553565535655356553565535
6553565535655356553565535655356553565535655356553565535655356553565535655356553565535655356553565535655356553565535655356553565535655356553565535655356553565535
6553565535655356553565535655356553565535655356553565535655356553565535655356553565535655356553565535655356553565535655356553565535655356553565535655356553565535
6553565535655356553565535655356553565535655356553565535655356553565535655356553565535655356553565535655356553565535655356553565535655356553565535655356553565535
6553565535655356553565535655356553565535655356553565535655356553565535655356553565535655356553565535655356553565535655356553565535655356553565535655356553565535
6553565535655356553565535655356553565535655356553565535655356553565535655356553565535655356553565535655356553565535655356553565535655356553565535655356553565535
6553565535655356553565535655356553565535655356553565535655356553565535655356553565535655356553565535655356553565535655356553565535655356553565535655356553565535
6553565535655356553565535655356553565535655356553565535655356553565535655356553565535655356553565535655356553565535655356553565535655356553565535655356553565535
6553565535655356553565535655356553565535655356553565535655356553565535655356553565535655356553565535655356553565535655356553565535655356553565535655356553565535
6553565535655356553565535655356553565535655356553565535655356553565535655356553565535655356553565535655356553565535655356553565535655356553565535655356553565535
6553565535655356553565535655356553565535655356553565535655356553565535655356553565535655356553565535655356553565535655356553565535655356553565535655356553565535
6553565535655356553565535655356553565535655356553565535655356553565535655356553565535655356553565535655356553565535655356553565535655356553565535655356553565535
6553565535655356553565535655356553565535655356553565535655356553565535655356553565535655356553565535655356553565535655356553565535655356553565535655356553565535
6553565535655356553565535655356553565535655356553565535655356553565535655356553565535655356553565535655356553565535655356553565535655356553565535655356553565535
6553565535655356553565535655356553565535655356553565535655356553565535655356553565535655356553565535655356553565535655356553565535655356553565535655356553565535
6553565535655356553565535655356553565535655356553565535655356553565535655356553565535655356553565535655356553565535655356553565535655356553565535655356553565535
6553565535655356553565535655356553565535655356553565535655356553565535655356553565535655356553565535655356553565535655356553565535655356553565535655356553565535
6553565535655356553565535655356553565535655356553565535655356553565535655356553565535655356553565535655356553565535655356553565535655356553565535655356553565535
6553565535655356553565535655356553565535655356553565535655356553565535655356553565535655356553565535655356553565535655356553565535655356553565535655356553565535
6553565535655356553565535655356553565535655356553565535655356553565535655356553565535655356553565535655356553565535655356553565535655356553565535655356553565535
6553565535655356553565535655356553565535655356553565535655356553565535655356553565535655356553565535655356553565535655356553565535655356553565535655356553565535
6553565535655356553565535655356553565535655356553565535655356553565535655356553565535655356553565535655356553565535655356553565535655356553565535655356553565535
6553565535655356553565535655356553565535655356553565535655356553565535655356553565535655356553565535655356553565535655356553565535655356553565535655356553565535
6553565535655356553565535655356553565535655356553565535655356553565535655356553565535655356553565535655356553565535655356553565535655356553565535655356553565535
6553565535655356553565535655356553565535655356553565535655356553565535655356553565535655356553565535655356553565535655356553565535655356553565535655356553565535
6553565535655356553565535655356553565535655356553565535655356553565535655356553565535655356553565535655356553565535655356553565535655356553565535655356553565535
6553565535655356553565535655356553565535655356553565535655356553565535655356553565535655356553565535655356553565535655356553565535655356553565535655356553565535
6553565535655356553565535655356553565535655356553565535655356553565535655356553565535655356553565535655356553565535655356553565535655356553565535655356553565535
6553565535655356553565535655356553565535655356553565535655356553565535655356553565535655356553565535655356553565535655356553565535655356553565535655356553565535
6553565535655356553565535655356553565535655356553565535655356553565535655356553565535655356553565535655356553565535655356553565535655356553565535655356553565535
6553565535655356553565535655356553565535655356553565535655356553565535655356553565535655356553565535655356553565535655356553565535655356553565535655356553565535
6553565535655356553565535655356553565535655356553565535655356553565535655356553565535655356553565535655356553565535655356553565535655356553565535655356553565535
6553565535655356553565535655356553565535655356553565535655356553565535655356553565535655356553565535655356553565535655356553565535655356553565535655356553565535
6553565535655356553565535655356553565535655356553565535655356553565535655356553565535655356553565535655356553565535655356553565535655356553565535655356553565535
6553565535655356553565535655356553565535655356553565535655356553565535655356553565535655356553565535655356553565535655356553565535655356553565535655356553565535
6553565535655356553565535655356553565535655356553565535655356553565535655356553565535655356553565535655356553565535655356553565535655356553565535655356553565535
6553565535655356553565535655356553565535655356553565535655356553565535655356553565535655356553565535655356553565535655356553565535655356553565535655356553565535
6553565535655356553565535655356553565535655356553565535655356553565535655356553565535655356553565535655356553565535655356553565535655356553565535655356553565535
6553565535655356553565535655356553565535655356553565535655356553565535655356553565535655356553565535655356553565535655356553565535655356553565535655356553565535
6553565535655356553565535655356553565535655356553565535655356553565535655356553565535655356553565535655356553565535655356553565535655356553565535655356553565535
6553565535655356553565535655356553565535655356553565535655356553565535655356553565535655356553565535655356553565535655356553565535655356553565535655356553565535
6553565535655356553565535655356553565535655356553565535655356553565535655356553565535655356553565535655356553565535655356553565535655356553565535655356553565535
6553565535655356553200000000000000000000000000000000000000000000000000000000000000000000000000000000000000000000000000000000000000000000000016383655356553565535
6553565535655356553200000000000000000000000000000000000000000000000000000000000000000000000000000000000000000000000000000000000000000000000016383655356553565535
6553565535655356553200000163820000000000000000000000000000000000000000000000000000000000000000000000000000000000000163820000000000000000000016383655356553565535
6553565535655356553200000163820000000000000000000000000000000000000000000000000000000000000000000000000000000000000163820000000000000000000016383655356553565535
6553565535655356553200000163820000000000000000000000000000000000000000000000000000000000000000000000000000000000000163820000000000000000000016383655356553565535
6553565535655356553200000163820000000000000000000000000000000000000000000000000000000000000000000000000000000000000163820000000000000000000016383655356553565535
6553565535655356553200000163820000000000000000000000000000000000000000000000000000000000000000000000000000000000000163820000000000000000000016383655356553565535
6553565535655356553200000163820000000000000000000000000000000000000000000000000000000000000000000000000000000000000163820000000000000000000016383655356553565535
6553565535655356553200000163820000000000000000000000000000000000000000000000000000000000000000000000000000000000000163820000000000000000000016383655356553565535
6553565535655356553200000163820000000000000000000000000000000000000000000000000000000000000000000000000000000000000163820000000000000000000016383655356553565535
6553565535655356553200000163820000000000000000000000000000000000000000000000000000000000000000000000000000000000000163820000000000000000000016383655356553565535
6553565535655356553200000163820000000000000000000000000000000000000000000000000000000000000000000000000000000000000163820000000000000000000016383655356553565535
6553565535655356553200000163820000000000000000000000000000000000000000000000000000000000000000000000000000000000000163820000000000000000000016383655356553565535
6553565535655356553200000163820000000000000000000000000000000000000000000000000000000000000000000000000000000000000163820000000000000000000016383655356553565535
6553565535655356553200000163820000000000000000000000000000000000000000000000000000000000000000000000000000000000000163820000000000000000000016383655356553565535
6553565535655356553200000163820000000000000000000000000000000000000000000000000000000000000000000000000000000000000163820000000000000000000016383655356553565535
6553565535655356553200000000000000000000000000000000000000000000000000000000000000000000000000000000000000000000000000000000000000000000000016383655356553565535
6553565535655356553200000000000000000000000000000000000000000000000000000000000000000000000000000000000000000000000000000000000000000000000016383655356553565535
6553565535655356553200000000000000000000000000000000000000000000000000000000000000000000000000000000000000000000000000000000000000000000000016383655356553565535
6553565535655356553200000000000000000000000000000000000000000000000000000000000000000000000000000000000000000000000000000000000000000000000016383655356553565535
6553565535655356553200000000000000000000000000000000000000000000000000000000000000000000000000000000000000000000000000000000000000000000000016383655356553565535
6553565535655356553200000000000000000000000000000000000000000000000000000000000000000000000000000000000000000000000000000000000000000000000016383655356553565535
6553565535655356553200000000000000000000000000000000000000000000000000000000000000000000000000000000000000000000000000000000000000000000000016383655356553565535
6553565535655356553200000000000000000000000000000000000000000000000000000000000000000000000000000000000000000000000000000000000000000000000016383655356553565535
6553565535655356553200000000000000000000000000000000000000000000000000000000000000000000000000000000000000000000000000000000000000000000000016383655356553565535
6553565535655356553200000000000000000000000000000000000000000000000000000000000000000000000000000000000000000000000000000000000000000000000016383655356553565535
6553565535655356553200000000000000000000000000000000000000000000000000000000000000000000000000000000000000000000000000000000000000000000000016383655356553565535
6553565535655356553200000000000000000000000000000000000000000000000000000000000000000000000000000000000000000000000000000000000000000000000016383655356553565535
6553565535655356553200000000000000000000000000000000000000000000000000000000000000000000000000000000000000000000000000000000000000000000000016383655356553565535
6553565535655356553200000000000000000000000000000000000000000000000000000000000000000000000000000000000000000000000000000000000000000000000016383655356553565535
6553565535655356553200000000000000000000000000000000000000000000000000000000000000000000000000000000000000000000000000000000000000000000000016383655356553565535
6553565535655356553200000000000000000000000000000000000000000000000000000000000000000000000000000000000000000000000000000000000000000000000016383655356553565535
6553565535655356553200000000000000700000000005734400000000000000000000000000000000000000000000000000000000000000000000000000000000000000000016383655356553565535
6553565535655350000000000000000000700000000005734400007655356553565535655356553565535655356553557344000000000000000000000000000000000000000016383655356553565535
6553565535655350000000000000000000700000000005734400007655356553565535655356553565535655356553557344000000000000000000000000000000000000000016383655356553565535
6553565535655350000000000000000000700000000005734400007655356553565535655356553565535655356553557344000000000000000000000000000000000000000016383655356553565535
6553565535655350000000000000000000700000000005734400007655356553565535655356553565535655356553557344000000000000000000000000000000000000000016383655356553565535
6553565535655350000000000000000000700000000005734400007655356553565535655356553565535655356553557344000000000000000000000000000000000000000016383655356553565535
6553565535655350000000000000000000700000000005734400007655356553565535655356553565535655356553557344000000000000000000000000000000000000000016383655356553565535
6553565535655350000000000000000000700000000005734400007655356553565535655356553565535655356553557344000000000000000000000000000000000000000016383655356553565535
6553565535655350000000000000000000700000000005734400007655356553565535655356553565535655356553557344000000000000000000000000000000000000000016383655356553565535
6553565535655350000000000000000000700000000005734400007655356553565535655356553565535655356553557344000000000000000000000000000000000000000016383655356553565535
6553565535655350000000000000000000700000000005734400007655356553565535655356553565535655356553557344000000000000000000000000000000000000000016383655356553565535
6553565535655350000000000000000000700000000005734400007655356553565535655356553565535655356553557344000000000000000000000000000000000000000016383655356553565535
6553565535655350000000000000000000700000000005734400007655356553565535655356553565535655356553557344000000000000000000000000000000000000000016383655356553565535
6553565535655350000000000000000000700000000005734400007655356553565535655356553565535655356553557344000000000000000000000000000000000000000016383655356553565535
6553565535655350000000000000000000700000000005734400007655356553565535655356553565535655356553557344000000000000000000000000000000000000000016383655356553565535
6553565535655350000000000000000000700000000005734400007655356553565535655356553565535655356553557344000000000000000000000000000000000000000016383655356553565535
6553565535655350000000000000000001500000000005734400007655356553565535655356553565535655356553557344000000000000000000000000000000000000000016383655356553565535
6553565535655356553565535655356553500000000006553565535655356553565535655356553565535655356553565535655354915200000000000000000000000000000016383655356553565535
6553565535655356553565535655356553500000000006553565535655356553565535655356553565535655356553565535655354915200000000000000000000163820000016383655356553565535
6553565535655356553565535655356553500000000006553565535655356553565535655356553565535655356553565535655354915200000000000000000000163820000016383655356553565535
6553565535655356553565535655356553500000000006553565535655356553565535655356553565535655356553565535655354915200000000000000000000163820000016383655356553565535
6553565535655356553565535655356553500000000006553565535655356553565535655356553565535655356553565535655354915200000000000000000000163820000016383655356553565535
6553565535655356553565535655356553500000000006553565535655356553565535655356553565535655356553565535655354915200000000000000000000163820000016383655356553565535
6553565535655356553565535655356553500000000006553565535655356553565535655356553565535655356553565535655354915200000000000000000000163820000016383655356553565535
6553565535655356553565535655356553500000000006553565535655356553565535655356553565535655356553565535655354915200000000000000000000163820000016383655356553565535
6553565535655356553565535655356553500000000006553565535655356553565535655356553565535655356553565535655354915200000000000000000000163820000016383655356553565535
6553565535655356553565535655356553500000000006553565535655356553565535655356553565535655356553565535655354915200000000000000000000163820000016383655356553565535
6553565535655356553565535655356553500000000006553565535655356553565535655356553565535655356553565535655354915200000000000000000000163820000016383655356553565535
6553565535655356553565535655356553500000000006553565535655356553565535655356553565535655356553565535655354915200000000000000000000163820000016383655356553565535
6553565535655356553565535655356553500000000006553565535655356553565535655356553565535655356553565535655354915200000000000000000000163820000016383655356553565535
6553565535655356553565535655356553500000000006553565535655356553565535655356553565535655356553565535655354915200000000000000000000163820000016383655356553565535
6553565535655356553565535655356553500000000006553565535655356553565535655356553565535655356553565535655354915200000000000000000000163820000016383655356553565535
6553565535655356553565535655356553500000000006553565535655356553565535655356553565535655356553565535655354915200000000000000000000000000000000000000001638365535
6553565535655356553565535655356553500000000006553565535655356553565535655356553565535655356553565535655356553565535573440000000000000000000000000000001638365535
6553565535655356553565535655356553500000000006553565535655356553565535655356553565535655356553565535655356553565535573440000000000000000000000000000001638365535
6553565535655356553565535655356553500000000006553565535655356553565535655356553565535655356553565535655356553565535573440000000000000000000000000000001638365535
6553565535655356553565535655356553500000000006553565535655356553565535655356553565535655356553565535655356553565535573440000000000000000000000000000001638365535
6553565535655356553565535655356553500000000006553565535655356553565535655356553565535655356553565535655356553565535573440000000000000000000000000000001638365535
6553565535655356553565535655356553500000000006553565535655356553565535655356553565535655356553565535655356553565535573440000000000000000000000000000001638365535
6553565535655356553565535655356553500000000006553565535655356553565535655356553565535655356553565535655356553565535573440000000000000000000000000000001638365535
6553565535655356553565535655356553500000000006553565535655356553565535655356553565535655356553565535655356553565535573440000000000000000000000000000001638365535
6553565535655356553565535655356553500000000006553565535655356553565535655356553565535655356553565535655356553565535573440000000000000000000000000000001638365535
6553565535655356553565535655356553500000000006553565535655356553565535655356553565535655356553565535655356553565535573440000000000000000000000000000001638365535
6553565535655356553565535655356553500000000006553565535655356553565535655356553565535655356553565535655356553565535573440000000000000000000000000000001638365535
6553565535655356553565535655356553500000000006553565535655356553565535655356553565535655356553565535655356553565535573440000000000000000000000000000001638365535
6553565535655356553565535655356553500000000006553565535655356553565535655356553565535655356553565535655356553565535573440000000000000000000000000000001638365535
6553565535655356553565535655356553500000000006553565535655356553565535655356553565535655356553565535655356553565535573440000000000000000000000000000001638365535
6553565535655356553565535655356553500000000006553565535655356553565535655356553565535655356553565535655356553565535573440000000000000000000000000000001638365535
6553565535655356553565535655356553500000000006553565535000000000000000000000000000000000000000065535655356553565535573440000000000000000000000000000001638365535
6553565535655356553565535655356553500000000006553565535000000000000000000000000000000000000000065535655356553565535655356553565535655356553565535655356553565535
6553565535655356553565535655356553500000000006553565535000000000000000000000000000000000000000065535655356553565535655356553565535655356553565535655356553565535
6553565535655356553565535655356553500000000006553565535000000000000000000000000000000000000000065535655356553565535655356553565535655356553565535655356553565535
6553565535655356553565535655356553500000000006553565535000000000000000000000000000000000000000065535655356553565535655356553565535655356553565535655356553565535
6553565535655356553565535655356553500000000006553565535000000000000000000000000000000000000000065535655356553565535655356553565535655356553565535655356553565535
6553565535655356553565535655356553500000000006553565535000000000000000000000000000000000000000065535655356553565535655356553565535655356553565535655356553565535
6553565535655356553565535655356553500000000006553565535000000000000000000000000000000000000000065535655356553565535655356553565535655356553565535655356553565535
6553565535655356553565535655356553500000000006553565535000000000000000000000000000000000000000065535655356553565535655356553565535655356553565535655356553565535
6553565535655356553565535655356553500000000006553565535000000000000000000000000000000000000000065535655356553565535655356553565535655356553565535655356553565535
6553565535655356553565535655356553500000000006553565535000000000000000000000000000000000000000065535655356553565535655356553565535655356553565535655356553565535
6553565535655356553565535655356553500000000006553565535000000000000000000000000000000000000000065535655356553565535655356553565535655356553565535655356553565535
6553565535655356553565535655356553400000000003276765534000000000000000000000000000000000000000032767655356553565535655356553565535655356553565535655356553565535
6553565535655356553565535655356553400000000003276765534000000000000000000000000000000000000000032767655356553565535655356553565535655356553565535655356553565535
6553565535655356553565535655356553200000000001638365532000000000000000000000000000000000000000016383655356553565535655356553565535655356553565535655356553565535
6553565535655356553565535655356552000000000000409565520000000000000000000000000000000000000000004095655356553565535655356553565535655356553565535655356553565535
6553565535655356553200000000000000000000000000000000000000000000000000000000000000000000000000000000000006553565535655356553565535655356553565535655356553565535
6553565535655356553200000000000000000000000000000000000000000000000000000000000000000000000000000000000006553565535655356553565535655356553565535655356553565535
6553565535655356553200000000000000000000000000000000000000000000000000000000000000000000000000000000000006553565535655356553565535655356553565535655356553565535
6553565535655356553200000000000000000000000000000000000000000000000000000000000000000000000000000000000006553565535655356553565535655356553565535655356553565535
6553565535655356553200000000000000000000000000000000000000000000000000000000000000000000000000000000000006553565535655356553565535655356553565535655356553565535
6553565535655356553200000000000000000000000000000000000000000000000000000000000000000000000000000000000006553565535655356553565535655356553565535655356553565535
6553565535655356553200000000000000000000000000000000000000000000000000000000000000000000000000000000000006553565535655356553565535655356553565535655356553565535
6553565535655356553200000000000000000000000000000000000000000000000000000000000000000000000000000000000006553565535655356553565535655356553565535655356553565535
6553565535655356553200000000000000000000000000000000000000000000000000000000000000000000000000000000000006553565535655356553565535655356553565535655356553565535
6553565535655356553200000000000000000000000000000000000000000000000000000000000000000000000000000000000006553565535655356553565535655356553565535655356553565535
6553565535655356553200000000000000000000000000000000000000000000000000000000000000000000000000000000000006553565535655356553565535655356553565535655356553565535
6553565535655356553200000000000000000000000000000000000000000000000000000000000000000000000000000000000006553565535655356553565535655356553565535655356553565535
6553565535655356553200000000000000000000000000000000000000000000000000000000000000000000000000000000000003276765535655356553565535655356553565535655356553565535
6553565535655356553200000000000000000000000000000000000000000000000000000000000000000000000000000000000003276765535655356553565535655356553565535655356553565535
6553565535655356553200000000000000000000000000000000000000000000000000000000000000000000000000000000000001638365535655356553565535655356553565535655356553565535
6553565535655356553200000000000000000000000000000000000000000000000000000000000000000000000000000000000000409565535655356553565535655356553565535655356553565535
6553565535655356553200000000000000000000000000000000000000000000000000000000000000000000000000000000000000000000000655356553565535655356553565535655356553565535
6553565535655356553200000000000000000000000000000000000000000000000000000000000000000000000000000000000000000000000655356553565535655356553565535655356553565535
6553565535655356553200000000000000000000000000000000000000000000000000000000000000000000000000000000000000000000000655356553565535655356553565535655356553565535
6553565535655356553200000000000000000000000000000000000000000000000000000000000000000000000000000000000000000000000655356553565535655356553565535655356553565535
6553565535655356553200000000000000000000000000000000000000000000000000000000000000000000000000000000000000000000000655356553565535655356553565535655356553565535
6553565535655356553200000000000000000000000000000000000000000000000000000000000000000000000000000000000000000000000655356553565535655356553565535655356553565535
6553565535655356553200000000000000000000000000000000000000000000000000000000000000000000000000000000000000000000000655356553565535655356553565535655356553565535
6553565535655356553200000000000000000000000000000000000000000000000000000000000000000000000000000000000000000000000655356553565535655356553565535655356553565535
6553565535655356553200000000000000000000000000000000000000000000000000000000000000000000000000000000000000000000000655356553565535655356553565535655356553565535
6553565535655356553200000000000000000000000280000014336000000000000000000000000000000000000000000028000001433600000655356553565535655356553565535655356553565535
6553565535655356553200000000000000000000000620000031744000000000000000000000000000000000000000000062000003174400000655356553565535655356553565535655356553565535
6553565535655356553200000000000000000000000620000031744000000000000000000000000000000000000000000062000003174400000655356553565535655356553565535655356553565535
6553565535655356553200000000000000000000000620000031744000000000000000000000000000000000000000000062000003174400000327676553565535655356553565535655356553565535
6553565535655356553200000000000000000000000620000031744000000000000000000000000000000000000000000062000003174400000327676553565535655356553565535655356553565535
6553565535655356553200000000000000000000000620000031744000000000000000000000000000000000000000000062000003174400000163836553565535655356553565535655356553565535
6553565535655356553200000000000000000000000620000031744000000000000000000000000000000000000000000062000003174400000040956553565535655356553565535655356553565535
6553565535655356553565535655356553565535655340000032767655356553565535655356553565535655356553565534000003276765535655356553565535655356553565535655356553565535
6553565535655356553565535655356553565535655320000016383655356553565535655356553565535655356553565532000001638365535655356553565535655356553565535655356553565535
6553565535655356553565535655356553565535655200000004095655356553565535655356553565535655356553565520000000409565535655356553565535655356553565535655356553565535
6553565535655356553565535655356553565535655200000004095655356553565535655356553565535655356553565520000000409565535655356553565535655356553565535655356553565535
6553565535655356553565535655356553565535655200000004095655356553565535655356553565535655356553565520000000409565535655356553565535655356553565535655356553565535
6553565535655356553565535655356553565535655200000004095655356553565535655356553565535655356553565520000000409565535655356553565535655356553565535655356553565535
6553565535655356553565535655356553565535655200000004095655356553565535655356553565535655356553565520000000409565535655356553565535655356553565535655356553565535
6553565535655356553565535655356553565535655200000004095655356553565535655356553565535655356553565520000000409565535655356553565535655356553565535655356553565535
6553565535655356553565535655356553565535655200000004095655356553565535655356553565535655356553565520000000409565535655356553565535655356553565535655356553565535
6553565535655356553565535655356553565535655200000004095655356553565535655356553565535655356553565520000000409565535655356553565535655356553565535655356553565535
6553565535655356553565535655356553565535655200000004095655356553565535655356553565535655356553565520000000409565535655356553565535655356553565535655356553565535
6553565535655356553565535655356553565535655200000004095655356553565535655356553565535655356553565520000000409565535655356553565535655356553565535655356553565535
6553565535655356553565535655356553565535655200000004095655356553565535655356553565535655356553565520000000409565535655356553565535655356553565535655356553565535
6553565535655356553565535655356553565535655200000004095655356553565535655356553565535655356553565520000000409565535655356553565535655356553565535655356553565535
6553565535655356553565535655356553565535655200000004095655356553565535655356553565535655356553565520000000409565535655356553565535655356553565535655356553565535
6553565535655356553565535655356553565535655200000004095655356553565535655356553565535655356553565520000000409565535655356553565535655356553565535655356553565535
6553565535655356553565535655356553565535655200000004095655356553565535655356553565535655356553565520000000409565535655356553565535655356553565535655356553565535
6553565535655356553565535655356553565535655200000004095655356553565535655356553565535655356553565520000000409565535655356553565535655356553565535655356553565535
6553565535655356553565535655356553565535655200000004095655356553565535655356553565535655356553565520000000409565535655356553565535655356553565535655356553565535
6553565535655356553565535655356553565535655200000004095655356553565535655356553565535655356553565520000000409565535655356553565535655356553565535655356553565535
6553565535655356553565535655356553565535655200000004095655356553565535655356553565535655356553565520000000409565535655356553565535655356553565535655356553565535
6553565535655356553565535655356553565535655200000004095655356553565535655356553565535655356553565520000000409565535655356553565535655356553565535655356553565535
6553565535655356553565535655356553565535655200000004095655356553565535655356553565535655356553565520000000409565535655356553565535655356553565535655356553565535
6553565535655356553565535655356553565535655200000004095655356553565535655356553565535655356553565520000000409565535655356553565535655356553565535655356553565535
6553565535655356553565535655356553565535655200000004095655356553565535655356553565535655356553565520000000409565535655356553565535655356553565535655356553565535
6553565535655356553565535655356553565535655200000004095655356553565535655356553565535655356553565520000000409565535655356553565535655356553565535655356553565535
6553565535655356553565535655356553565535655200000004095655356553565535655356553565535655356553565520000000409565535655356553565535655356553565535655356553565535
6553565535655356553565535655356553565535655200000004095655356553565535655356553565535655356553565520000000409565535655356553565535655356553565535655356553565535
6553565535655356553565535655356553565535655200000004095655356553565535655356553565535655356553565520000000409565535655356553565535655356553565535655356553565535
6553565535655356553565535655356553565535655200000004095655356553565535655356553565535655356553565520000000409565535655356553565535655356553565535655356553565535
6553565535655356553565535655356553565535655200000004095655356553565535655356553565535655356553565520000000409565535655356553565535655356553565535655356553565535
6553565535655356553565535655356553565535655200000004095655356553565535655356553565535655356553565520000000409565535655356553565535655356553565535655356553565535
6553565535655356553565535655356553565535655200000004095655356553565535655356553565535655356553565520000000409565535655356553565535655356553565535655356553565535
6553565535655356553565535655356553565535655200000004095655356553565535655356553565535655356553565520000000409565535655356553565535655356553565535655356553565535
6553565535655356553565535655356553565535655200000004095573440000000000000000000000000000000000765520000000409565535655356553565535655356553565535655356553565535
6553565535655356553565535655356553565535655200000004095573440000000000000000000000000000000000765520000000409565535655356553565535655356553565535655356553565535
6553565535655356553565535655356553565535655200000004095573440000000000000000000000000000000000765520000000409565535655356553565535655356553565535655356553565535
6553565535655356553565535655356553565535655200000004095573440000000000000000000000000000000000765520000000409565535655356553565535655356553565535655356553565535
6553565535655356553565535655356553565535655200000004095573440000000000000000000000000000000000765520000000409565535655356553565535655356553565535655356553565535
6553565535655356553565535655356553565535655200000004095573440000000000000000000000000000000000765520000000409565535655356553565535655356553565535655356553565535
6553565535655356553565535655356553565535655200000004095573440000000000000000000000000000000000765520000000409565535655356553565535655356553565535655356553565535
6553565535655356553565535655356553565535655200000004095573440000000000000000000000000000000000765520000000409565535655356553565535655356553565535655356553565535
6553565535655356553565535655356553565535655200000004095573440000000000000000000000000000000000765520000000409565535655356553565535655356553565535655356553565535
6553565535655356553565535655356553565535655200000004095573440000000000000000000000000000000000765520000000409565535655356553565535655356553565535655356553565535
6553565535655356553565535655356553565535655320000016383573440000000000000000000000000000000000765532000001638365535655356553565535655356553565535655356553565535
6553565535655356553565535655356553565535655340000032767573440000000000000000000000000000000000765534000003276765535655356553565535655356553565535655356553565535
6553565535655356553565535655356553565535655340000032767573440000000000000000000000000000000000765534000003276765535655356553565535655356553565535655356553565535
6553565535655356553565535655356553565535655340000032767573440000000000000000000000000000000000765534000003276765535655356553565535655356553565535655356553565535
6553565535655356553200000000000000000000000620000031744573440000000000000000000000000000000000700062000003174400000000000000000000000000000016383655356553565535
6553565535655356553200000000000000000000000620000031744573440000000000000000000000000000000000700062000003174400000000000000000000000000000016383655356553565535
6553565535655356553200000000000000000000000620000031744573440000000000000000000000000000000000700062000003174400000000000000000000000000000016383655356553565535
6553565535655356553200000000000000000000000620000031744573440000000000000000000000000000000000700062000003174400000000000000000000000000000016383655356553565535
6553565535655356553200000000000000000000000280000014336573440000000000000000000000000000000000700028000001433600000000000000000000000000000016383655356553565535
6553565535655356553200000000000000000000000000000000000573440000000000000000000000000000000000700000000000000000000000000000000000000000000016383655356553565535
6553565535655356553200000000000000000000000000000000000573440000000000000000000000000000000000700000000000000000000000000000000000000000000016383655356553565535
6553565535655356553200000000000000000000000000000000000573440000000000000000000000000000000000700000000000000000000000000000000000000000000016383655356553565535
6553565535655356553200000000000000000000000000000000000573440000000000000000000000000000000000700000000000000000000000000000000000000000000016383655356553565535
6553565535655356553200000000000000000000000000000000000573440000000000000000000000000000000000700000000000000000000000000000000000000000000016383655356553565535
6553565535655356553200000000000000000000000000000000000573440000000000000000000000000000000000700000000000000000000000000000000000000000000016383655356553565535
6553565535655356553200000000000000000000000000000000000573440000000000000000000000000000000000700000000000000000000000000000000000000000000016383655356553565535
6553565535655356553200000000000000000000000000000000000573440000000000000000000000000000000000700000000000000000000000000000000000000000000016383655356553565535
6553565535655356553200000000000000000000000000000000000573440000000000000000000000000000000000700000000000000000000000000000000000000000000016383655356553565535
6553565535655356553200000000000000000000000000000000000573440000000000000000000000000000000000700000000000000000000000000000000000000000000016383655356553565535
6553565535655356553200000000000000000000000000000000000573440000000000000000000000000000000000700000000000000000000000000000000000000000000016383655356553565535
6553565535655356553200000000000000000000000000000000000573440000000000000000000000000000000000700000000000000000000000000000000000000000000016383655356553565535
6553565535655356553200000000000000000000000000000000000573440000000000000000000000000000000000700000000000000000000000000000000000000000000016383655356553565535
6553565535655356553200000000000000000000000000000000000573440000000000000000000000000000000000700000000000000000000000000000000000000000000016383655356553565535
6553565535655356553200000000000000000000000000000000000573440000000000000000000000000000000000700000000000000000000000000000000000000000000016383655356553565535
6553565535655356553200000000000000000000000000000000000573440000000000000000000000000000000000700000000000000000000000000000000000000000000016383655356553565535
6553565535655356553200000000000000000000000000000000000573440000000000000000000000000000000000700000000000000000000000000000000000000000000016383655356553565535
6553565535655356553200000000000000000000000000000000000573440000000000000000000000000000000000700000000000000000000000000000000000000000000016383655356553565535
6553565535655356553200000000000000000000000000000000000573440000000000000000000000000000000000700000000000000000000000000000000000000000000016383655356553565535
6553565535655356553200000000000000000000000000000000000573440000000000000000000000000000000000700000000000000000000000000000000000000000000016383655356553565535
6553565535655356553200000000000000000000000000000000000573440000000000000000000000000000000000700000000000000000000000000000000000000000000016383655356553565535
6553565535655356553200000000000000000000000000000000000573440000000000000000000000000000000000700000000000000000000000000000000000000000000016383655356553565535
6553565535655356553200000000000000000000000000000000000573440000000000000000000000000000000000700000000000000000000000000000000000000000000016383655356553565535
6553565535655356553200000000000000000000000000000000000573440000000000000000000000000000000000700000000000000000000000000000000000000000000016383655356553565535
6553565535655356553200000000000000000000000000000000000573440000000000000000000000000000000000700000000000000000000000000000000000000000000016383655356553565535
6553565535655356553200000000000000000000000000000000000573440000000000000000000000000000000000700000000000000000000000000000000000000000000016383655356553565535
6553565535655356553200000000000000000000000000000000000573440000000000000000000000000000000000700000000000000000000000000000000000000000000016383655356553565535
6553565535655356553200000000000000000000000000000000000573440000000000000000000000000000000000700000000000000000000000000000000000000000000016383655356553565535
6553565535655356553200000000000000000000000000000000000573440000000000000000000000000000000000700000000000000000000000000000000000000000000016383655356553565535
6553565535655356553200000000000000000000000000000000000573440000000000000000000000000000000000700000000000000000000000000000000000000000000016383655356553565535
6553565535655356553200000000000000000000000000000000000573440000000000000000000000000000000000700000000000000000000000000000000000000000000016383655356553565535
6553565535655356553200000000000000000000000000000000000573440000000000000000000000000000000000700000000000000000000000000000000000000000000016383655356553565535
6553565535655356553200000000000000000000000000000000000573440000000000000000000000000000000000700000000000000000000000000000000000000000000016383655356553565535
6553565535655356553200000000000000000000000000000000000573440000000000000000000000000000000000700000000000000000000000000000000000000000000016383655356553565535
6553565535655356553200000000000000000000000000000000000573440000000000000000000000000000000000700000000000000000000000000000000000000000000016383655356553565535
6553565535655356553200000000000000000000000000000000000573440000000000000000000000000000000000700000000000000000000000000000000000000000000016383655356553565535
6553565535655356553200000000000000000000000000000000000573440000000000000000000000000000000000700000000000000000000000000000000000000000000016383655356553565535
6553565535655356553200000000000000000000000000000000000573440000000000000000000000000000000000700000000000000000000000000000000000000000000016383655356553565535
6553565535655356553200000000000000000000000000000000000573440000000000000000000000000000000000700000000000000000000000000000000000000000000016383655356553565535
6553565535655356553200000000000000000000000000000000000573440000000000000000000000000000000000700000000000000000000000000000000000000000000016383655356553565535
6553565535655356553200000000000000000000000000000000000573440000000000000000000000000000000000700000000000000000000000000000000000000000000016383655356553565535
6553565535655356553200000000000000000000000000000000000573440000000000000000000000000000000000700000000000000000000000000000000000000000000016383655356553565535
6553565535655356553200000000000000000000000000000000000573440000000000000000000000000000000000700000000000000000000000000000000000000000000016383655356553565535
6553565535655356553200000000000000057344000000000700000573440000000000000000000000000000000000700000000000000000000000000000000000000000000016383655356553565535
6553565535655356553200000000000000057344000000000700000573440000000000000000000000000000000000700000000000000000000000000000000000000000000016383655356553565535
6553565535655356553200000000000000057344000000000700000573440000000000000000000000000000000000700000000000000000000000000000000000000000000016383655356553565535
6553565535655356553200000000000000057344000000000700000573440000000000000000000000000000000000700000000000000000000000000000000000000000000016383655356553565535
6553565535655356553200000000000000057344000000000700000573440000000000000000000000000000000000700000000000000000000000000000000000000000000016383655356553565535
6553565535655356553200000000000000057344000000000700000573440000000000000000000000000000000000700000000000000000000000000000000000000000000016383655356553565535
6553565535655356553200000000000000057344000000000700000573440000000000000000000000000000000000700000000000000000000000000000000000000000000016383655356553565535
6553565535655356553200000000000000057344000000000700000573440000000000000000000000000000000000700000000000000000000000000000000000000000000016383655356553565535
6553565535655356553200000000000000057344000000000700000573440000000000000000000000000000000000700000000000000000000000000000000000000000000016383655356553565535
6553565535655356553200000000000000057344000000000700000573440000000000000000000000000000000000700000000000000000000000000000000000000000000016383655356553565535
6553565535655356553200000000000000057344000000000700000573440000000000000000000000000000000000700000000000000000000000000000000000000000000016383655356553565535
6553565535655356553200000000000000057344000000000700000573440000000000000000000000000000000000700000000000000000000000000000000000000000000016383655356553565535
6553565535655356553200000000000000057344000000000700000573440000000000000000000000000000000000700000000000000000000000000000000000000000000016383655356553565535
6553565535655356553200000000000000057344000000000700000573440000000000000000000000000000000000700000000000000000000000000000000000000000000016383655356553565535
6553565535655356553200000000000000057344000000000700000573440000000000000000000000000000000000700000000000000000000000000000000000000000000016383655356553565535
6553565535655356553200000000000000057344000000000700000573440000000000000000000000000000000000700000000000000000000000000000000000000000000016383655356553565535
6553565535655356553200000000000000065535655356553500000573440000000000000000000000000000000000700000000000000000000000000000000000000000000016383655356553565535
6553565535655356553200000000000000065535655356553500000573440000000000000000000000000000000000700000000000000000000000000000000000000000000016383655356553565535
6553565535655356553200000000000000065535655356553500000573440000000000000000000000000000000000700000000000000000000000000000000000000000000016383655356553565535
6553565535655356553200000000000000065535655356553500000573440000000000000000000000000000000000700000000000000000000000000000000000000000000016383655356553565535
6553565535655356553200000000000000065535655356553500000573440000000000000000000000000000000000700000000000000000000000000000000000000000000016383655356553565535
6553565535655356553200000000000000065535655356553500000573440000000000000000000000000000000000700000000000000000000000000000000000000000000016383655356553565535
6553565535655356553200000000000000065535655356553500000573440000000000000000000000000000000000700000000000000000000000000000000000000000000016383655356553565535
6553565535655356553200000000000000065535655356553500000573440000000000000000000000000000000000700000000000000000000000000000000000000000000016383655356553565535
6553565535655356553200000000000000065535655356553500000573440000000000000000000000000000000000700000000000000000000000000000000000000000000016383655356553565535
6553565535655356553200000000000000065535655356553500000573440000000000000000000000000000000000700000000000000000000000000000000000000000000016383655356553565535
6553565535655356553200000000000000065535655356553500000573440000000000000000000000000000000000700000000000000000000000000000000000000000000016383655356553565535
6553565535655356553200000000000000065535655356553500000573440000000000000000000000000000000000700000000000000000000000000000000000000000000016383655356553565535
6553565535655356553200000000000000032767655356553400000573440000000000000000000000000000000000700000000000000000000000000000000000000000000016383655356553565535
6553565535655356553200000000000000032767655356553400000573440000000000000000000000000000000000700000000000000000000000000000000000000000000016383655356553565535
6553565535655356553200000000000000016383655356553200000573440000000000000000000000000000000000700000000000000000000000000000000000000000000016383655356553565535
6553565535655356553200000000000000004095655356552000000573440000000000000000000000000000000000700000000000000000000000000000000000000000000016383655356553565535
6553565535655356553200000000000000000000000000000000000573440000000000000000000000000000000000700000000000000000000000000000000000000000000016383655356553565535
6553565535655356553200000000000000000000000000000000000573440000000000000000000000000000000000700000000000000000000000000000000000000000000016383655356553565535
6553565535655356553200000000000000000000000000000000000573440000000000000000000000000000000000700000000000000000000000000000000000000000000016383655356553565535
6553565535655356553200000000000000000000000000000000000573440000000000000000000000000000000000700000000000000000000000000000000000000000000016383655356553565535
6553565535655356553200000000000000000000000000000000000573440000000000000000000000000000000000700000000000000000000000000000000000000000000016383655356553565535
6553565535655356553200000000000000000000000000000000000573440000000000000000000000000000000000700000000000000000000000000000000000000000000016383655356553565535
6553565535655356553200000000000000000000000000000000000573440000000000000000000000000000000000700000000000000000000000000000000000000000000016383655356553565535
6553565535655356553200000000000000000000000000000000000573440000000000000000000000000000000000700000000000000000000000000000000000000000000016383655356553565535
6553565535655356553200000000000000000000000000000000000573440000000000000000000000000000000000700000000000000000000000000000000000000000000016383655356553565535
6553565535655356553200000000000000000000000000000000000573440000000000000000000000000000000000700000000000000000000000000000000000000000000016383655356553565535
6553565535655356553200000000000000000000000000000000000573440000000000000000000000000000000000700000000000000000000000000000000000000000000016383655356553565535
6553565535655356553200000000000000000000000000000000000573440000000000000000000000000000000000700000000000000000000000000000000000000000000016383655356553565535
6553565535655356553200000000000000000000000000000000000573440000000000000000000000000000000000700000000000000000000000000000000000000000000016383655356553565535
6553565535655356553200000000000000000000000000000000000573440000000000000000000000000000000000700000000000000000000000000000000000000000000016383655356553565535
6553565535655356553200000000000000000000000000000000000573440000000000000000000000000000000000700000000000000000000000000000000000000000000016383655356553565535
6553565535655356553200000000000000000000000000000000000573440000000000000000000000000000000000700000000000000000000000000000000000000000000016383655356553565535
6553565535655356553200000000000000000000000000000000000573440000700000000005734400000000000000700000000000000000000000000000000000000000000016383655356553565535
6553565535655356553200000000000000000000000000000000000573440000700000000005734400000000000000700000000000000000000000000000000000000000000016383655356553565535
6553565535655356553200000000000000000000000000000000000573440000700000000005734400000000000000700000000000000000000000000000000000000000000016383655356553565535
6553565535655356553200000000000000000000000000000000000573440000700000000005734400000000000000700000000000000000000000000000000000000000000016383655356553565535
6553565535655356553200000000000000000000000000000000000573440000700000000005734400000000000000700000000000000000000000000000000000000000000016383655356553565535
6553565535655356553200000000000000000000000000000000000573440000700000000005734400000000000000700000000000000000000000000000000000000000000016383655356553565535
6553565535655356553200000000000000000000000000000000000573440000700000000005734400000000000000700000000000000000000000000000000000000000000016383655356553565535
6553565535655356553200000000000000000000000000000000000573440000700000000005734400000000000000700000000000000000000000000000000000000000000016383655356553565535
6553565535655356553200000000000000000000000000000000000573440000700000000005734400000000000000700000000000000000000000000000000000000000000016383655356553565535
6553565535655356553200000000000000000000000000000000000573440000700000000005734400000000000000700000000000000000000000000000000000000000000016383655356553565535
6553565535655356553200000000000000000000000000000000000573440000700000000005734400000000000000700000000000000000000000000000000000000000000016383655356553565535
6553565535655356553200000000000000000000000000000000000573440000700000000005734400000000000000700000000000000000000000000000000000000000000016383655356553565535
6553565535655356553200000000000000000000000000000000000573440000700000000005734400000000000000700000000000000000000000000000000000000000000016383655356553565535
6553565535655356553200000000000000000000000000000000000573440000700000000005734400000000000000700000000000000000000000000000000000000000000016383655356553565535
6553565535655356553200000000000000000000000000000000000573440000700000000005734400000000000000700000000000000000000000000000000000000000000016383655356553565535
6553565535655356553200000000000000000000000000000000000573440000700000000005734400000000000000700000000000000000000000000000000000000000000016383655356553565535
6553565535655356553200000000000000000000000000000000000655356553500000000006553565535573440000700000000000000000000000000000000000000000000016383655356553565535
6553565535655356553200000000000000000000000000000000000655356553500000000006553565535573440000700000000000000000000000000000000000000000000016383655356553565535
6553565535655356553200000000000000000000000000000000000655356553500000000006553565535573440000700000000000000000000000000000000000000000000016383655356553565535
6553565535655356553200000000000000000000000000000000000655356553500000000006553565535573440000700000000000000000000000000000000000000000000016383655356553565535
6553565535655356553200000000000000000000000000000000000655356553500000000006553565535573440000700000000000000000000000000000000000000000000016383655356553565535
6553565535655356553200000000000000000000000000000000000655356553500000000006553565535573440000700000000000000000000000000000000000000000000016383655356553565535
6553565535655356553200000000000000000000000000000000000655356553500000000006553565535573440000700000000000000000000000000000000000000000000016383655356553565535
6553565535655356553200000000000000000000000000000000000655356553500000000006553565535573440000700000000000000000000000000000000000000000000016383655356553565535
6553565535655356553200000000000000000000000000000000000655356553500000000006553565535573440000700000000000000000000000000000000000000000000016383655356553565535
6553565535655356553200000000000000000000000000000000000655356553500000000006553565535573440000700000000000000000000000000000000000000000000016383655356553565535
6553565535655356553200000000000000000000000000000000000655356553500000000006553565535573440000700000000000000000000000000000000000000000000016383655356553565535
6553565535655356553200000000000000000000000000000000000655356553500000000006553565535573440000700000000000000000000000000000000000000000000016383655356553565535
6553565535655356553200000000000000000000000000000000000655356553500000000006553565535573440000700000000000000000000000000000000000000000000016383655356553565535
6553565535655356553200000000000000000000000000000000000655356553500000000006553565535573440000700000000000000000000000000000000000000000000016383655356553565535
6553565535655356553200000000000000000000000000000000000655356553500000000006553565535573440000700000000000000000000000000000000000000000000016383655356553565535
6553565535655356553200000000000000000000000000000000000655356553500000000006553565535573440000700000000000000000000000000000000000000000000016383655356553565535
6553565535655356553200000573440000000007000000000000000655356553500000000006553565535573440000700000000000000000000000000000000000000000000016383655356553565535
6553565535655356553200000573440000000007000000000000000655356553500000000006553565535573440000700000000000000000000000000000000000000000000016383655356553565535
6553565535655356553200000573440000000007000000000000000655356553500000000006553565535573440000700000000000000000000000000000000000000000000016383655356553565535
6553565535655356553200000573440000000007000000000000000655356553500000000006553565535573440000700000000000000000000000000000000000000000000016383655356553565535
6553565535655356553200000573440000000007000000000000000655356553500000000006553565535573440000700000000000000000000000000000000000000000000016383655356553565535
6553565535655356553200000573440000000007000000000000000655356553500000000006553565535573440000700000000000000000000000000000000000000000000016383655356553565535
6553565535655356553200000573440000000007000000000000000655356553500000000006553565535573440000700000000000000000000000000000000000000000000016383655356553565535
6553565535655356553200000573440000000007000000000000000655356553500000000006553565535573440000700000000000000000000000000000000000000000000016383655356553565535
6553565535655356553200000573440000000007000000000000000655356553500000000006553565535573440000700000000000000000000000000000000000000000000016383655356553565535
6553565535655356553200000573440000000007000000000000000655356553500000000006553565535573440000700000000000000000000000000000000000000000000016383655356553565535
6553565535655356553200000573440000000007000000000000000655356553500000000006553565535573440000700000000000000000000000000000000000000000000016383655356553565535
6553565535655356553200000573440000000007000000000000000655356553500000000006553565535573440000700000000000000000000000000000000000000000000016383655356553565535
6553565535655356553200000573440000000007000000000000000655356553500000000006553565535573440000700000000000000000000000000000000000000000000016383655356553565535
6553565535655356553200000573440000000007000000000000000655356553500000000006553565535573440000700000000000000000000000000000000000000000000016383655356553565535
6553565535655356553200000573440000000007000000000000000655356553500000000006553565535573440000700000000000000000000000000000000000000000000016383655356553565535
6553565535655356553200000573440000000007000000000000000655356553500000000006553565535573440000700000000000000000000000000000000000000000000016383655356553565535
6553565535655356553200000655356553565535000000000000000655356553500000000006553565535655356553500000000000000000000000000000000000000000000000000000000000000000
6553565535655356553200000655356553565535000000000000000655356553500000000006553565535655356553500000000000000000000000000000000000000000000000000000000000000000
6553565535655356553200000655356553565535000000000000000655356553500000000006553565535655356553500000000000000000000000000000000000000000000000000000000000000000
6553565535655356553200000655356553565535000000000000000655356553500000000006553565535655356553500000000000000000000000000000000000000000000000000000000000000000
6553565535655356553200000655356553565535000000000000000655356553500000000006553565535655356553500000000000000000000000000000000000000000000000000000000000000000
6553565535655356553200000655356553565535000000000000000655356553500000000006553565535655356553500000000000000000000000000000000000000000000000000000000000000000
6553565535655356553200000655356553565535000000000000000655356553500000000006553565535655356553500000000000000000000000000000000000000000000000000000000000000000
6553565535655356553200000655356553565535000000000000000655356553500000000006553565535655356553500000000000000000000000000000000000000000000000000000000000000000
6553565535655356553200000655356553565535000000000000000655356553500000000006553565535655356553500000000000000000000000000000000000000000000000000000000000000000
6553565535655356553200000655356553565535000000000000000655356553500000000006553565535655356553500000000000000000000000000000000000000000000000000000000000000000
6553565535655356553200000655356553565535000000000000000655356553500000000006553565535655356553500000000000000000000000000000000000000000000000000000000000000000
6553565535655356553200000655356553565535000000000000000655356553500000000006553565535655356553500000000000000000000000000000000000000000000000000000000000000000
6553565535655356553200000327676553565534000000000000000327676553400000000006553565535655356553500000000000000000000000000000000000000000000000000000000000000000
6553565535655356553200000327676553565534000000000000000327676553400000000003276765535655356553500000000000000000000000000000000000000000000000000000000000000000
6553565535655356553200000163836553565532000000000000000163836553200000000001638365535655356553500000000000000000000000000000000000000000000000000000000000000000
6553565535655356553200000040956553565520000000000000000040956552000000000000409565535655356553500000000000000000000000000000000000000000000000000000000000000000
6553565535655356553200000000000000000000000000000000000000000000000000000000000000000655356553500000000000000000000000000000000000000000000000000000000000000000
6553565535655356553200000000000000000000000000000000000000000000000000000000000000000655356553500000000000000000000000000000000000000000000000000000000000000000
6553565535655356553200000000000000000000000000000000000000000000000000000000000000000655356553500000000000000000000000000000000000000000000000000000000000000000
6553565535655356553200000000000000000000000000000000000000000000000000000000000000000655356553500000000000000000000000000000000000000000000000000000000000000000
6553565535655356553200000000000000000000000000000000000000000000000000000000000000000655356553500000000000000000000000000000000000000000000000000000000000000000
6553565535655356553200000000000000000000000000000000000000000000000000000000000000000655356553500000000000000000000000000000000000000000000000000000000000000000
6553565535655356553200000000000000000000000000000000000000000000000000000000000000000655356553500000000000000000000000000000000000000000000000000000000000000000
6553565535655356553200000000000000000000000000000000000000000000000000000000000000000655356553500000000000000000000000000000000000000000000000000000000000000000
6553565535655356553200000000000000000000000000000000000000000000000000000000000000000655356553500000000000000000000000000000000000000000000000000000000000000000
6553565535655356553200000000000000000000000000000000000000000000000000000000000000000655356553500000000000000000000000000000000000000000000000000000000000000000
6553565535655356553200000000000000000000000000000000000000000000000000000000000000000655356553500000000000000000000000000000000000000000000000000000000000000000
6553565535655356553200000000000000000000000000000000000000000000000000000000000000000655356553500000000000000000000000000000000000000000000000000000000000000000
6553565535655356553200000000000000000000000000000000000000000000000000000000000000000655356553500000000000000000000000000000000000000000000000000000000000000000
6553565535655356553200000000000000000000000000000000000000000000000000000000000000000655356553500000000000000000000000000000000000000000000000000000000000000000
6553565535655356553200000000000000000000000000000000000000000000000000000000000000000655356553500000000000000000000000000000000000000000000000000000000000000000
6553565535655356553200000000000000000000000000000000000000000000000000000000000000000655356553500000000000000000000000000000000000000000000000000000000000000000
6553565535655356553200000000000000000000000000000000000000000000000000000000000000000655356553500000000000000000000000000000000000000000000000000000000000000000
6553565535655356553200000000000000000000000000000000000000000000000000000000000000000655356553500000000000000000000000000000000000000000000000000000000000000000
6553565535655356553200000000000000000000000000000000000000000000000000000000000000000655356553500000000000000000000000000000000000000000000000000000000000000000
6553565535655356553200000000000000000000000000000000000000000000000000000000000000000655356553500000000000000000000000000000000000000000000000000000000000000000
6553565535655356553200000000000000000000000000000000000000000000000000000000000000000655356553500000000000000000000000000000000000000000000000000000000000000000
6553565535655356553200000000000000000000000000000000000000000000000000000000000000000655356553500000000000000000000000000000000000000000000000000000000000000000
6553565535655356553200000000000000000000000000000000000000000000000000000000000000000655356553500000000000000000000000000000000000000000000000000000000000000000
6553565535655356553200000000000000000000000000000000000000000000000000000000000000000655356553500000000000000000000000000000000000000000000000000000000000000000
6553565535655356553200000000000000000000000000000000000000000000000000000000000000000655356553500000000000000000000000000000000000000000000000000000000000000000
6553565535655356553200000000000000000000000000000000000000000000000000000000000000000655356553500000000000000000000000000000000000000000000000000000000000000000
6553565535655356553200000000000000000000000000000000000000000000000000000000000000000655356553500000000000000000000000000000000000000000000000000000000000000000
6553565535655356553200000000000000000000000000000000000000000000000000000000000000000655356553500000000000000000000000000000000000000000000000000000000000000000
6553565535655356553200000000000000000000000000000000000000000000000000000000000000000327676553400000000000000000000000000000000000000000000000000000000000000000
6553565535655356553200000000000000000000000000000000000000000000000000000000000000000327676553400000000000000000000000000000000000000000000000000000000000000000
6553565535655356553200000000000000000000000000000000000000000000000000000000000000000163836553200000000000000000000000000000000000000000000000000000000000000000
6553565535655356553200000000000000000000000000000000000000000000000000000000000000000040956552800000000000000000000000000000000000000000000000000000000000000000
6553565535655356553200000000000000000000000000000000000000000000000000000000000000000000000000000000000000000000000000000000000000000000000000000000000000000000
6553565535655356553200000000000000000000000000000000000000000000000000000000000000000000000000000000000000000000000000000000000000000000000000000000000000000000
6553565535655356553200000000000000000000000000000000000000000000000000000000000000000000000000000000000000000000000000000000000000000000000000000000000000000000
6553565535655356553200000000000000000000000000000000000000000000000000000000000000000000000000000000000000000000000000000000000000000000000000000000000000000000
6553565535655356553200000000000000000000000000000000000000000000000000000000000000000000000000000000000000000000000000000000000000000000000000000000000000000000
6553565535655356553200000000000000000000000000000000000000000000000000000000000000000000000000000000000000000000000000000000000000000000000000000000000000000000
6553565535655356553200000000000000000000000000000000000000000000000000000000000000000000000000000000000000000000000000000000000000000000000000000000000000000000
6553565535655356553200000000000000000000000000000000000000000000000000000000000000000000000000000000000000000000000000000000000000000000000000000000000000000000
6553565535655356553200000000000000000000000000000000000000000000000000000000000000000000000000000000000000000000000000000000000000000000000000000000000000000000
6553565535655356553200000000000000000000000000000000000000000000000000000000000000000000000000000000000000000000000000000000000000000000000000000000000000000000
6553565535655356553200000000000000000000000000000000000000000000000000000000000000000000000000000000000000000000000000000000000000000000000000000000000000000000
6553565535655356553200000000000000000000000000000000000000000000000000000000000000000000000000000000000000000000000000000000000000000000000000000000000000000000
6553565535655356553200000000000000000000000000000000000000000000000000000000000000000000000000000000000000000000000000000000000000000000000000000000000000000000
6553565535655356553200000000000000000000000000000000000000000000000000000000000000000000000000000000000000000000000000000000000000000000000000000000000000000000
6553565535655356553200000000000000000000000000000000000000000000000000000000000000000000000000000000000000000000000000000000000000000000000000000000000000000000
6553565535655356553200000000000000000000000000000000000000000000000000000000000000000000000000000000000000000000000000000000000000000000000000000000000000000000
6553565535655356553200000000000000000000000000000000000000000000000000000000000000000000000000000000000000000000000000000000000000000000000000000000000000000000
6553565535655356553200000000000000000000000000000000000000000000000000000000000000000000000000000000000000000000000000000000000000000000000000000000000000000000
6553565535655356553200000000000000000000000000000000000000000000000000000000000000000000000000000000000000000000000000000000000000000000000000000000000000000000
6553565535655356553200000000000000000000000000000000000000000000000000000000000000000000000000000000000000000000000000000000000000000000000000000000000000000000
6553565535655356553200000000000000000000000000000000000000000000000000000000000000000000000000000000000000000000000000000000000000000000000000000000000000000000
6553565535655356553200000000000000000000000000000000000000000000000000000000000000000000000000000000000000000000000000000000000000000000000000000000000000000000
6553565535655356553200000000000000000000000000000000000000000000000000000000000000000000000000000000000000000000000000000000000000000000000000000000000000000000
6553565535655356553200000000000000000000000000000000000000000000000000000000000000000000000000000000000000000000000000000000000000000000000000000000000000000000
6553565535655356553200000000000000000000000000000000000000000000000000000000000000000000000000000000000000000000000000000000000000000000000000000000000000000000
6553565535655356553200000000000000000000000000000000000000000000000000000000000000000000000000000000000000000000000000000000000000000000000000000000000000000000
6553565535655356553200000000000000000000000000000000000000000000000000000000000000000000000000000000000000000000000000000000000000000000000000000000000000000000
6553565535655356553200000000000000000000000000000000000000000000000000000000000000000000000000000000000000000000000000000000000000000000000000000000000000000000
6553565535655356553200000000000000000000000000000000000000000000000000000000000000000000000000000000000000000000000000000000000000000000000000000000000000000000
6553565535655356553200000000000000000000000000000000000000000000000000000000000000000000000000000000000000000000000000000000000000000000000000000000000000000000
6553565535655356553200000000000000000000000000000000000000000000000000000000000000000000000000000000000000000000000000000000000000000000000000000000000000000000
6553565535655356553200000000000000000000000000000000000000000000000000000000000000000000000000000000000000000000000000000000000000000000000000000000000000000000
6553565535655356553200000000000000000000000000000000000000000000000000000000000000000000000000000000000000000000000000000000000000000000000000000000000000000000
6553565535655356553200000000000000000000000000000000000000000000000000000000000000000000000000000000000000000000000000000000000000000000000000000000000000000000
6553565535655356553200000000000000000000000000000000000000000000000000000000000000000000000000000000000000000000000000000000000000000000000000000000000000000000
6553565535655356553200000000000000000000000000000000000000000000000000000000000000000000000000000000000000000000000000000000000000000000000000000000000000000000
6553565535655356553200000000000000000000000000000000000000000000000000000000000000000000000000000000000000000000000000000000000000000000000000000000000000000000
6553565535655356553200000000000000000000000000000000000000000000000000000000000000000000000000000000000000000000000000000000000000000000000000000000000000000000
6553565535655356553200000000000000000000000000000000000000000000000000000000000000000000000000000000000000000000000000000000000000000000000000000000000000000000
6553565535655356553565535655356553565535655356553565535655356553565535655356553565535655356553565535655356553565535655356553565535655356553565535655356553565535
6553565535655356553565535655356553565535655356553565535655356553565535655356553565535655356553565535655356553565535655356553565535655356553565535655356553565535
6553565535655356553565535655356553565535655356553565535655356553565535655356553565535655356553565535655356553565535655356553565535655356553565535655356553565535
6553565535655356553565535655356553565535655356553565535655356553565535655356553565535655356553565535655356553565535655356553565535655356553565535655356553565535
6553565535655356553565535655356553565535655356553565535655356553565535655356553565535655356553565535655356553565535655356553565535655356553565535655356553565535
6553565535655356553565535655356553565535655356553565535655356553565535655356553565535655356553565535655356553565535655356553565535655356553565535655356553565535
6553565535655356553565535655356553565535655356553565535655356553565535655356553565535655356553565535655356553565535655356553565535655356553565535655356553565535
6553565535655356553565535655356553565535655356553565535655356553565535655356553565535655356553565535655356553565535655356553565535655356553565535655356553565535
6553565535655356553565535655356553565535655356553565535655356553565535655356553565535655356553565535655356553565535655356553565535655356553565535655356553565535
6553565535655356553565535655356553565535655356553565535655356553565535655356553565535655356553565535655356553565535655356553565535655356553565535655356553565535
6553565535655356553565535655356553565535655356553565535655356553565535655356553565535655356553565535655356553565535655356553565535655356553565535655356553565535
6553565535655356553565535655356553565535655356553565535655356553565535655356553565535655356553565535655356553565535655356553565535655356553565535655356553565535
6553565535655356553565535655356553565535655356553565535655356553565535655356553565535655356553565535655356553565535655356553565535655356553565535655356553565535
6553565535655356553565535655356553565535655356553565535655356553565535655356553565535655356553565535655356553565535655356553565535655356553565535655356553565535
6553565535655356553565535655356553565535655356553565535655356553565535655356553565535655356553565535655356553565535655356553565535655356553565535655356553565535
6553565535655356553565535655356553565535655356553565535655356553565535655356553565535655356553565535655356553565535655356553565535655356553565535655356553565535
6553565535655356553565535655356553565535655356553565535655356553565535655356553565535655356553565535655356553565535655356553565535655356553565535655356553565535
6553565535655356553565535655356553565535655356553565535655356553565535655356553565535655356553565535655356553565535655356553565535655356553565535655356553565535
6553565535655356553565535655356553565535655356553565535655356553565535655356553565535655356553565535655356553565535655356553565535655356553565535655356553565535
6553565535655356553565535655356553565535655356553565535655356553565535655356553565535655356553565535655356553565535655356553565535655356553565535655356553565535
6553565535655356553565535655356553565535655356553565535655356553565535655356553565535655356553565535655356553565535655356553565535655356553565535655356553565535
6553565535655356553565535655356553565535655356553565535655356553565535655356553565535655356553565535655356553565535655356553565535655356553565535655356553565535
6553565535655356553565535655356553565535655356553565535655356553565535655356553565535655356553565535655356553565535655356553565535655356553565535655356553565535
6553565535655356553565535655356553565535655356553565535655356553565535655356553565535655356553565535655356553565535655356553565535655356553565535655356553565535
6553565535655356553565535655356553565535655356553565535655356553565535655356553565535655356553565535655356553565535655356553565535655356553565535655356553565535
6553565535655356553565535655356553565535655356553565535655356553565535655356553565535655356553565535655356553565535655356553565535655356553565535655356553565535
6553565535655356553565535655356553565535655356553565535655356553565535655356553565535655356553565535655356553565535655356553565535655356553565535655356553565535
6553565535655356553565535655356553565535655356553565535655356553565535655356553565535655356553565535655356553565535655356553565535655356553565535655356553565535
6553565535655356553565535655356553565535655356553565535655356553565535655356553565535655356553565535655356553565535655356553565535655356553565535655356553565535
6553565535655356553565535655356553565535655356553565535655356553565535655356553565535655356553565535655356553565535655356553565535655356553565535655356553565535
6553565535655356553565535655356553565535655356553565535655356553565535655356553565535655356553565535655356553565535655356553565535655356553565535655356553565535
6553565535655356553565535655356553565535655356553565535655356553565535655356553565535655356553565535655356553565535655356553565535655356553565535655356553565535
6553565535655356553565535655356553565535655356553565535655356553565535655356553565535655356553565535655356553565535655356553565535655356553565535655356553565535
6553565535655356553565535655356553565535655356553565535655356553565535655356553565535655356553565535655356553565535655356553565535655356553565535655356553565535
6553565535655356553565535655356553565535655356553565535655356553565535655356553565535655356553565535655356553565535655356553565535655356553565535655356553565535
6553565535655356553565535655356553565535655356553565535655356553565535655356553565535655356553565535655356553565535655356553565535655356553565535655356553565535
6553565535655356553565535655356553565535655356553565535655356553565535655356553565535655356553565535655356553565535655356553565535655356553565535655356553565535
6553565535655356553565535655356553565535655356553565535655356553565535655356553565535655356553565535655356553565535655356553565535655356553565535655356553565535
6553565535655356553565535655356553565535655356553565535655356553565535655356553565535655356553565535655356553565535655356553565535655356553565535655356553565535
6553565535655356553565535655356553565535655356553565535655356553565535655356553565535655356553565535655356553565535655356553565535655356553565535655356553565535
6553565535655356553565535655356553565535655356553565535655356553565535655356553565535655356553565535655356553565535655356553565535655356553565535655356553565535