6553565535655356553565535655356553565535655356553565535655356553565535655356553565535655356553565535655356553565535655356553565535655356553565535655356553565535
6553565535655356553565535655356553565535655356553565535655356553565535655356553565535655356553565535655356553565535655356553565535655356553565535655356553565535
6553565535655356553565535655356553565535655356553565535655356553565535655356553565535655356553565535655356553565535655356553565535655356553565535655356553565535
6553565535655356553565535655356553565535655356553565535655356553565535655356553565535655356553565535655356553565535655356553565535655356553565535655356553565535
6553565535655356553565535655356553565535655356553565535655356553565535655356553565535655356553565535655356553565535655356553565535655356553565535655356553565535
6553565535655356553565535655356553565535655356553565535655356553565535655356553565535655356553565535655356553565535655356553565535655356553565535655356553565535
6553565535655356553565535655356553565535655356553565535655356553565535655356553565535655356553565535655356553565535655356553565535655356553565535655356553565535
6553565535655356553565535655356553565535655356553565535655356553565535655356553565535655356553565535655356553565535655356553565535655356553565535655356553565535
6553565535655356553565535655356553565535655356553565535655356553565535655356553565535655356553565535655356553565535655356553565535655356553565535655356553565535
6553565535655356553565535655356553565535655356553565535655356553565535655356553565535655356553565535655356553565535655356553565535655356553565535655356553565535
6553565535655356553565535655356553565535655356553565535655356553565535655356553565535655356553565535655356553565535655356553565535655356553565535655356553565535
6553565535655356553565535655356553565535655356553565535655356553565535655356553565535655356553565535655356553565535655356553565535655356553565535655356553565535
6553565535655356553565535655356553565535655356553565535655356553565535655356553565535655356553565535655356553565535655356553565535655356553565535655356553565535
6553565535655356553565535655356553565535655356553565535655356553565535655356553565535655356553565535655356553565535655356553565535655356553565535655356553565535
6553565535655356553565535655356553565535655356553565535655356553565535655356553565535655356553565535655356553565535655356553565535655356553565535655356553565535
6553565535655356553565535655356553565535655356553565535655356553565535655356553565535655356553565535655356553565535655356553565535655356553565535655356553565535
6553565535655356553565535655356553565535655356553565535655356553565535655356553565535655356553565535655356553565535655356553565535655356553565535655356553565535
6553565535655356553565535655356553565535655356553565535655356553565535655356553565535655356553565535655356553565535655356553565535655356553565535655356553565535
6553565535655356553565535655356553565535655356553565535655356553565535655356553565535655356553565535655356553565535655356553565535655356553565535655356553565535
6553565535655356553565535655356553565535655356553565535655356553565535655356553565535655356553565535655356553565535655356553565535655356553565535655356553565535
6553565535655356553565535655356553565535655356553565535655356553565535655356553565535655356553565535655356553565535655356553565535655356553565535655356553565535
6553565535655356553565535655356553565535655356553565535655356553565535655356553565535655356553565535655356553565535655356553565535655356553565535655356553565535
6553565535655356553565535655356553565535655356553565535655356553565535655356553565535655356553565535655356553565535655356553565535655356553565535655356553565535
6553565535655356553565535655356553565535655356553565535655356553565535655356553565535655356553565535655356553565535655356553565535655356553565535655356553565535
6553565535655356553565535655356553565535655356553565535655356553565535655356553565535655356553565535655356553565535655356553565535655356553565535655356553565535
6553565535655356553565535655356553565535655356553565535655356553565535655356553565535655356553565535655356553565535655356553565535655356553565535655356553565535
6553565535655356553565535655356553565535655356553565535655356553565535655356553565535655356553565535655356553565535655356553565535655356553565535655356553565535
6553565535655356553565535655356553565535655356553565535655356553565535655356553565535655356553565535655356553565535655356553565535655356553565535655356553565535
6553565535655356553565535655356553565535655356553565535655356553565535655356553565535655356553565535655356553565535655356553565535655356553565535655356553565535
6553565535655356553565535655356553565535655356553565535655356553565535655356553565535655356553565535655356553565535655356553565535655356553565535655356553565535
6553565535655356553565535655356553565535655356553565535655356553565535655356553565535655356553565535655356553565535655356553565535655356553565535655356553565535
6553565535655356553565535655356553565535655356553565535655356553565535655356553565535655356553565535655356553565535655356553565535655356553565535655356553565535
6553565535655356553565535655356553565535655356553565535655356553565535655356553565535655356553565535655356553565535655356553565535655356553565535655356553565535
6553565535655356553565535655356553565535655356553565535655356553565535655356553565535655356553565535655356553565535655356553565535655356553565535655356553565535
6553565535655356553565535655356553565535655356553565535655356553565535655356553565535655356553565535655356553565535655356553565535655356553565535655356553565535
6553565535655356553565535655356553565535655356553565535655356553565535655356553565535655356553565535655356553565535655356553565535655356553565535655356553565535
6553565535655356553565535655356553565535655356553565535655356553565535655356553565535655356553565535655356553565535655356553565535655356553565535655356553565535
6553565535655356553565535655356553565535655356553565535655356553565535655356553565535655356553565535655356553565535655356553565535655356553565535655356553565535
6553565535655356553565535655356553565535655356553565535655356553565535655356553565535655356553565535655356553565535655356553565535655356553565535655356553565535
6553565535655356553565535655356553565535655356553565535655356553565535655356553565535655356553565535655356553565535655356553565535655356553565535655356553565535
6553565535655356553565535655356553565535655356553565535655356553565535655356553565535655356553565535655356553565535655356553565535655356553565535655356553565535
6553565535655356553565535655356553565535655356553565535655356553565535655356553565535655356553565535655356553565535655356553565535655356553565535655356553565535
6553565535655356553565535655356553565535655356553565535655356553565535655356553565535655356553565535655356553565535655356553565535655356553565535655356553565535
6553565535655356553565535655356553565535655356553565535655356553565535655356553565535655356553565535655356553565535655356553565535655356553565535655356553565535
6553565535655356553565535655356553565535655356553565535655356553565535655356553565535655356553565535655356553565535655356553565535655356553565535655356553565535
6553565535655356553565535655356553565535655356553565535655356553565535655356553565535655356553565535655356553565535655356553565535655356553565535655356553565535
6553565535655356553565535655356553565535655356553565535655356553565535655356553565535655356553565535655356553565535655356553565535655356553565535655356553565535
6553565535655356553565535655356553565535655356553565535655356553565535655356553565535655356553565535655356553565535655356553565535655356553565535655356553565535
6553565535655356553565535655356553565535655356553565535655356553565535655356553565535655356553565535655356553565535655356553565535655356553565535655356553565535
6553565535655356553565535655356553565535655356553565535655356553565535655356553565535655356553565535655356553565535655356553565535655356553565535655356553565535
6553565535655356553565535655356553565535655356553565535655356553565535655356553565535655356553565535655356553565535655356553565535655356553565535655356553565535
6553565535655356553565535655356553565535655356553565535655356553565535655356553565535655356553565535655356553565535655356553565535655356553565535655356553565535
6553565535655356553565535655356553565535655356553565535655356553565535655356553565535655356553565535655356553565535655356553565535655356553565535655356553565535
6553565535655356553565535655356553565535655356553565535655356553565535655356553565535655356553565535655356553565535655356553565535655356553565535655356553565535
6553565535655356553565535655356553565535655356553565535655356553565535655356553565535655356553565535655356553565535655356553565535655356553565535655356553565535
6553565535655356553565535655356553565535655356553565535655356553565535655356553565535655356553565535655356553565535655356553565535655356553565535655356553565535
6553565535655356553565535655356553565535655356553565535655356553565535655356553565535655356553565535655356553565535655356553565535655356553565535655356553565535
6553565535655356553565535655356553565535655356553565535655356553565535655356553565535655356553565535655356553565535655356553565535655356553565535655356553565535
6553565535655356553565535655356553565535655356553565535655356553565535655356553565535655356553565535655356553565535655356553565535655356553565535655356553565535
6553565535655356553565535655356553565535655356553565535655356553565535655356553565535655356553565535655356553565535655356553565535655356553565535655356553565535
6553565535655356553565535655356553565535655356553565535655356553565535655356553565535655356553565535655356553565535655356553565535655356553565535655356553565535
6553565535655356553565535655356553565535655356553565535655356553565535655356553565535655356553565535655356553565535655356553565535655356553565535655356553565535
6553565535655356553565535655356553565535655356553565535655356553565535655356553565535655356553565535655356553565535655356553565535655356553565535655356553565535
6553565535655356553565535655356553565535655356553565535655356553565535655356553565535655356553565535655356553565535655356553565535655356553565535655356553565535
6553565535655356553200000000000000000000000000000000000000000000000000000000000000000000000000000000000000000000000000000000000000000000000016383655356553565535
6553565535655356553200000000000000000000000000000000000000000000000000000000000000000000000000000000000000000000000000000000000000000000000016383655356553565535
6553565535655356553200000000000000000000000000000000000000000000000000000000000000000000000000000000000000000000000000000000000000000000000016383655356553565535
6553565535655356553200000000000000000000000000000000000000000000000000000000000000000000000000000000000000000000000000000000000000000000000016383655356553565535
6553565535655356553200000000000000000000000000000000000000000000000000000000000000000000000000000000000000000000000000000000000000000000000016383655356553565535
6553565535655356553200000000000000000000000000000000000000000000000000000000000000000000000000000000000000000000000000000000000000000000000016383655356553565535
6553565535655356553200000000000000000000000000000000000000000000000000000000000000000000000000000000000000000000000000000000000000000000000016383655356553565535
6553565535655356553200000000000000000000000000000000000000000000000000000000000000000000000000000000000000000000000000000000000000000000000016383655356553565535
6553565535655356553200000000000000000000000000000000000000000000000000000000000000000000000000000000000000000000000000000000000000000000000016383655356553565535
6553565535655356553200000000000000000000000000000000000000000000000000000000000000000000000000000000000000000000000000000000000000000000000016383655356553565535
6553565535655356553200000000000000000000000000000000000000000000000000000000000000000000000000000000000000000000000000000000000000000000000016383655356553565535
6553565535655356553200000000000000000000000000000000000000000000000000000000000000000000000000000000000000000000000000000000000000000000000016383655356553565535
6553565535655356553200000000000000000000000000000000000000000000000000000000000000000000000000000000000000000000000000000000000000000000000016383655356553565535
6553565535655356553200000000000000000000000000000000000000000000000000000000000000000000000000000000000000000000000000000000000000000000000016383655356553565535
6553565535655356553200000000000000000000000000000000000000000000000000000000000000000000000000000000000000000000000000000000000000000000000016383655356553565535
6553565535655356553200000000000000000000000000000000000000000000000000000000000000000000000000000000000000000000000000000000000000000000000016383655356553565535
6553565535655356553200000000000000000000000000000000000000000000000000000000000000000000000000000000000000000000000000000000000000000000000016383655356553565535
6553565535655356553200000000000000000000000000000000000000000000000000000000000000000000000000000000000000000000000000000000000000000000000016383655356553565535
6553565535655356553200000000000000000000000000000000000000000000000000000000000000000000000000000000000000000000000163820000000000000000000016383655356553565535
6553565535655356553200000000000000000000000000000000000000000000000000000000000000000000000000000000000000000000000163820000000000000000000016383655356553565535
6553565535655356553200000000000000000000000000000000000000000000000000000000000000000000000000000000000000000000000163820000000000000000000016383655356553565535
6553565535655356553200000000000000000000000000000000000000000000000000000000000000000000000000000000000000000000000163820000000000000000000016383655356553565535
6553565535655356553200000000000000000000000000000000000000000000000000000000000000000000000000000000000000000000000163820000000000000000000016383655356553565535
6553565535655356553200000000000000000000000000000000000000000000000000000000000000000000000000000000000000000000000163820000000000000000000016383655356553565535
6553565535655356553200000000000000000000000000000000000000000000000000000000000000000000000000000000000000000000000163820000000000000000000016383655356553565535
6553565535655356553200000000000000000000000000000000000000000000000000000000000000000000000000000000000000000000000163820000000000000000000016383655356553565535
6553565535655356553200000000000000000000000000000000000000000000000000000000000000000000000000000000000000000000000163820000000000000000000016383655356553565535
6553565535655356553200000000000000000000000000000000000000000000000000000000000000000000000000000000000000000000000163820000000000000000000016383655356553565535
6553565535655356553200000000000000000000000000000000000000000000000000000000000000000000000000000000000000000000000163820000000000000000000016383655356553565535
6553565535655356553200000000000000000000000000000000000000000000000000000000000000000000000000000000000000000000000163820000000000000000000016383655356553565535
6553565535655356553200000000000000000000000000000000000000000000000000000000000000000000000000000000000000000000000163820000000000000000000016383655356553565535
6553565535655356553200000000000000000000000000000000000000000000000000000000000000000000000000000000000000000000000163820000000000000000000016383655356553565535
6553565535655356553200000000000000000000000000000000000000000000000000000000000000000000000000000000000000000000000000000000000000000000000016383655356553565535
6553565535655356553200000000000000000000000000000000000000000000000000000000000000000000000000000000000000000000000000000000000000000000000016383655356553565535
6553565535655356553200000000000000000000000000000000000000000000000000000000000000000000000000000000000000000000000000000000000000000000000016383655356553565535
6553565535655356553200000000000000000000000000000000000000000000000000000000000000000000000000000000000000000000000000000000000000000000000016383655356553565535
6553565535655356553200000000000000000000000000000000000000000000000000000000000000000000000000000000000000000000000000000000000000000000000016383655356553565535
6553565535655356553200000000000000000000000000000000000000000000000000000000000000000000000000000000000000000000000000000000000000000000000016383655356553565535
6553565535655356553200000000000000000000000000000000000000000000000000000000000000000000000000000000000000000000000000000000000000000000000016383655356553565535
6553565535655356553200000000000000000000000000000000000000000000000000000000000000000000000000000000000000000000000000000000000000000000000016383655356553565535
6553565535655356553200000000000000000000000000000000000000000000000000000000000000000000000000000000000000000000000000000000000000000000000016383655356553565535
6553565535655356553200000000000000000000000000000000000000000000000000000000000000000000000000000000000000000000000000000000000000000000000016383655356553565535
6553565535655356553200000000000000000000000000000000000000000000000000000000000000000000000000000000000000000000000000000000000000000000000016383655356553565535
6553565535655356553200000000000000000000000000000000000000000000000000000000000000000000000000000000000000000000000000000000000000000000000016383655356553565535
6553565535655356553200000000000000000000000000000000000000000000000000000000000000000000000000000000000000000000000000000000000000000000000016383655356553565535
6553565535655356553200000000000000000000000000000000000000000000000000000000000000000000000000000000000000000000000000000000000000000000000016383655356553565535
6553565535655356553200000000000000000000000000000000000000000000000000000000000000000000000000000000000000000000000000000000000000000000000016383655356553565535
6553565535655356553200000000000000000000000000000000000000000000000000000000000000000000000000000000000000000000000000000000000000000000000016383655356553565535
6553565535655356553200000000000000000000000000000000000000000000000000000000000000000000000000000000000000000000000000000000000000000000000016383655356553565535
6553565535655356553200000000000000000000000000000000000000000000000000000000000000000000000000000000000000000000000000000000000000000000000016383655356553565535
6553565535655356553200000000000000000000000000000000000000000000000000000000000000000000000000000000000000000000000000000000000000000000000016383655356553565535
6553565535655356553200000000000000000000000000000000000000000000000000000000000000000000000000000000000000000000000000000000000000000000000016383655356553565535
6553565535655356553200000000000000000000000000000000000000000000000000000000000000000000000000000000000000000000000000000000000000000000000016383655356553565535
6553565535655356553200000000000000000000000000000000000000000000000000000000000000000000000000000000000000000000000000000000000000000000000016383655356553565535
6553565535655356553200000000000000000000000000000000000000000000000000000000000000000000000000000000000000000000000000000000000000000000000016383655356553565535
6553565535655356553200000000000000000000000000000000000000000000000000000000000000000000000000000000000000000000000000000000000000000000000016383655356553565535
6553565535655356553200000000000000000000000000000000000000000000000000000000000000000000000000000000000000000000000000000000000000000000000016383655356553565535
6553565535655356553200000000000000000000000000000000000000000000000000000000000000000000000000000000000000000000000000000000000000000000000016383655356553565535
6553565535655356553200000000000000000000000000000000000000000000000000000000000000000000000000000000000000000000000000000000000000000000000016383655356553565535
6553565535655356553200000000000000000000000000000000000000000000000000000000000000000000000000000000000000000000000000000000000000000000000016383655356553565535
6553565535655356553200000000000000000000000000000000000000000000000000000000000000000000000000000000000000000000000000000000000000000000000016383655356553565535
6553565535655356553200000000000000000000000000000000000000000000000000000000000000000000000000000000000000000000000000000000000000000000000016383655356553565535
6553565535655356553200000000000000000000000000000000000000000000000000000000000000000000000000000000000000000000000000000000000000000000000016383655356553565535
6553565535655356553200000000000000000000000000000000000000000000000000000000000000000000000000000000000000000000000000000000000000000000000016383655356553565535
6553565535655356553200000000000000000000000000000000000000000000000000000000000000000000000000000000000000000000000000000000000000000000000016383655356553565535
6553565535655356553200000000000000000000000000000000000000000000000000000000000000000000000000000000000000000000000000000000000000000000000016383655356553565535
6553565535655356553200000000000000000000000000000000000000000000000000000000000000000000000000000000000000000000000000000000000000000000000016383655356553565535
6553565535655356553200000000000000000000000000000000000000000000000000000000000000000000000000000000000000000000000000000000000000000000000016383655356553565535
6553565535655356553200000000000000000000000000000000000000000000000000000000000000000000000000000000000000000000000000000000000000000000000016383655356553565535
6553565535655356553200000000000000000000000000000000000000000000000000000000000000000000000000000000000000000000000000000000000000000000000016383655356553565535
6553565535655356553200000000000000000000000000000000000000000000000000000000000000000000000000000000000000000000000000000000000000000000000016383655356553565535
6553565535655356553200000000000000000000000000000000000000000000000000000000000000000000000000000000000000000000000000000000000000000000000016383655356553565535
6553565535655356553200000000000000000000000000000000000000000000000000000000000000000000000000000000000000000000000000000000000000000000000016383655356553565535
6553565535655356553200000000000000000000000000000000000000000000000000000000000000000000000000000000000000000000000000000000000000000000000016383655356553565535
6553565535655356553200000000000000000000000000000000000000000000000000000000000000000000000000000000000000000000000000000000000000000000000016383655356553565535
6553565535655356553200000000000000000000000000000000000000000000000000000000000000000000000000000000000000000000000000000000000000000000000016383655356553565535
6553565535655356553200000000000000000000000000000000000000000000000000000000000000000000000000000000000000000000000000000000000000000000000016383655356553565535
6553565535655356553200000000000000000000000000000000000000000000000000000000000000000000000000000000000000000000000000000000000000000000000016383655356553565535
6553565535655356553200000000000000000000000000000000000000000000000000000000000000000000000000000000000000000000000000000000000000000000000016383655356553565535
6553565535655356553200000000000000000000000000000000000000000000000000000000000000000000000000000000000000000000000000000000000000000000000016383655356553565535
6553565535655356553200000000000000000000000000000000000000000000000000000000000000000000000000000000000000000000000000000000000000000000000016383655356553565535
6553565535655356553200000000000000000000000000000000000000000000000000000000000000000000000000000000000000000000000000000000000000000000000016383655356553565535
6553565535655356553200000000000000000000000000000001023655356553549152000000000000000163836553565532000001638365535655320000016383655356553216383655356553565535
6553565535655356553200000000000000000000000000000001023655356553549152000000000000000163836553565532000001638365535655320000016383655356553216383655356553565535
6553565535655356553200000000000000000000000000000001023655356553549152000000000000000163836553565532000001638365535655320000016383655356553216383655356553565535
6553565535655356553200000000000000000000000000000001023655356553549152000000000000000163836553565532000001638365535655320000016383655356553216383655356553565535
6553565535655356553200000000000000000000000000000001023655356553549152000000000000000163836553565532000001638365535655320000016383655356553216383655356553565535
6553565535655356553200000000000000000000000000000001023655356553549152000000000000000163836553565532000001638365535655320000016383655356553216383655356553565535
6553565535655356553200000000000000000000000000000001023655356553549152000000000000000163836553565532000001638365535655320000016383655356553216383655356553565535
6553565535655356553200000000000000000000000000000001023655356553549152000000000000000163836553565532000001638365535655320000016383655356553216383655356553565535
6553565535655356553200000000000000000000000000000001023655356553549152000000000000000163836553565532000001638365535655320000016383655356553216383655356553565535
6553565535655356553200000000000000000000000000000001023655356553549152000000000000000163836553565532000001638365535655320000016383655356553216383655356553565535
6553565535655356553200000000000000000000000000000001023655356553549152000000000000000163836553565532000001638365535655320000016383655356553216383655356553565535
6553565535655356553200000000000000000000000000000001023655356553549152000000000000000163836553565532000001638365535655320000016383655356553216383655356553565535
6553565535655356553200000000000000000000000000000001023655356553549152000000000000000163836553565532000001638365535655320000016383655356553216383655356553565535
6553565535655356553200000000000000000000000000000001023655356553549152000000000000000163836553565532000001638365535655320000016383655356553216383655356553565535
6553565535655356553200000000000000000000000000000001023655356553549152000000000000000163800000016380000001638000000163800000016380000001638016383655356553565535
6553565535655356553200000000000000000000000001638365535491520102365535645120000000000163800000016380000001638000000163800000016380000001638016383655356553565535
6553565535655356553200000000000000000000000001638365535491520102365535645120000000000163800000016380000001638000000163800000016380000001638016383655356553565535
6553565535655356553200000000000000000000000001638365535491520102365535645120000000000163800000016380000001638000000163800000016380000001638016383655356553565535
6553565535655356553200000000000000001023655321638365535491520102365535645120000000000163800000016380000001638000000163800000016380000001638016383655356553565535
6553565535655356553200000000000000001023655321638365535491520102365535645120000000000163800000016380000001638000000163800000016380000001638016383655356553565535
6553565535655356553200000000000000001023655321638365535491520102365535645120000000000163800000016380000001638000000163800000016380000001638016383655356553565535
6553565535655356553200000000000000001023655321638365535491520102365535645120000000000163800000016380000001638000000163800000016380000001638016383655356553565535
6553565535655356553200000000000000001023655321638365535491520102365535645120000000000163800000016380000001638000000163800000016380000001638016383655356553565535
6553565535655356553200000000000000001023655321638365535491520102365535645120000000000163800000016380000001638000000163800000016380000001638016383655356553565535
6553565535655356553200000000000000001023655321638365535491520102365535645120000000000163800000016380000001638000000163800000016380000001638016383655356553565535
6553565535655356553200000000000000001023655321638365535491520102365535645120000000000163800000016380000001638000000163800000016380000001638016383655356553565535
6553565535655356553200000000000000001023655321638365535491520102365535645120000000000163800000016380000001638000000163800000016380000001638016383655356553565535
6553565535655356553200000000000000001023655321638365535491520102365535645120000000000163800000016380000001638000000163800000016380000001638016383655356553565535
6553565535655356553200000000000000001023655321638365535491520102365535645120000000000163800000016380000001638000000163800000016380000001638016383655356553565535
6553565535655356553200000000000000001023655321638365535491520102365535645120000000000163800000016380000001638000000163800000016380000001638016383655356553565535
6553565535655356553200000000000000000000000000000000000000000000000000000000000000000000000000000000000000000000000000000000000000000000000016383655356553565535
6553565535655356553200000000000000000000000000000000000000000000000000000000000000000000000000000000000000000000000000000000000000000000000016383655356553565535
6553565535655356553200000000000000000000000000000000000000000000000000000000000000000000000000000000000000000000000000000000000000000000000016383655356553565535
6553565535655356553200000000000000000000000000000000000000000000000000000000000000000000000000000000000000000000000000000000000000000000000016383655356553565535
6553565535655356553200000000000000000000000000000000000000000000000000000000000000000000000000000000000000000000000000000000000000000000000016383655356553565535
6553565535655356553200000000000000000000000000000000000000000000000000000000000000000000000000000000000000000000000000000000000000000000000016383655356553565535
6553565535655356553200000000000000000000000000000000000000000000000000000000000000000000000000000000000000000000000000000000000000000000000016383655356553565535
6553565535655356553200000000000000000000000000000000000000000000000000000000000000000000000000000000000000000000000000000000000000000000000016383655356553565535
6553565535655356553200000000000000000000000000000000000000000000000000000000000000000000000000000000000000000000000000000000000000000000000016383655356553565535
6553565535655356553200000000000000000000000000000000000000000000000000000000000000000000000000000000000000000000000000000000000000000000000016383655356553565535
6553565535655356553200000000000000000000000000000000000000000000000000000000000000000000000000000000000000000000000000000000000000000000000016383655356553565535
6553565535655356553200000000000000000000000000000000000000000000000000000000000000000000000000000000000000000000000000000000000000000000000016383655356553565535
6553565535655356553200000000000000000000000000000000000000000000000000000000000000000000000000000000000000000000000000000000000000000000000016383655356553565535
6553565535655356553200000000000000000000000000000000000000000000000000000000000000000000000000000000000000000000000000000000000000000000000016383655356553565535
6553565535655356553200000000000000000000000000000000000000000000000000000000000000000000000000000000000000000000000000000000000000000000000016383655356553565535
6553565535655356553200000000000000000000000000000000000000000000000000000000000000000000000000000000000000000000000000000000000000000000000016383655356553565535
6553565535655356553200000000000000000000000000000000000000000000000000000000000000000000000000000000000000000000000000000000000000000000000016383655356553565535
6553565535655356553200000000000000000000000000000000000000000000000000000000000000000000000000000000000000000000000000000000000000000000000016383655356553565535
6553565535655356553200000000000000000000000000000000000000000000000000000000000000000000000000000000000000000000000000000000000000000000000016383655356553565535
6553565535655356553200000000000000000000000000000000000000000000000000000000000000000000000000000000000000000000000000000000000000000000000016383655356553565535
6553565535655356553200000000000000000000000000000000000000000000000000000000000000000000000000000000000000000000000000000000000000000000000016383655356553565535
6553565535655356553200000000000000000000000000000000000000000000000000000000000000000000000000000000000000000000000000000000000000000000000016383655356553565535
6553565535655356553200000000000000000000000000000000000000000000000000000000000000000000000000000000000000000000000000000000000000000000000016383655356553565535
6553565535655356553200000000000000000000000000000000000000000000000000000000000000000000000000000000000000000000000000000000000000000000000016383655356553565535
6553565535655356553200000000000000000000000000000000000000000000000000000000000000000000000000000000000000000000000000000000000000000000000016383655356553565535
6553565535655356553200000000000000000000000000000000000000000000000000000000000000000000000000000000000000000000000000000000000000000000000016383655356553565535
6553565535655356553200000000000000000000000000000000000000000000000000000000000000000000000000000000000000000000000000000000000000000000000016383655356553565535
6553565535655356553200000000000000000000000000000000000000000000000000000000000000000000000000000000000000000000000000000000000000000000000016383655356553565535
6553565535655356553200000000000000000000000000000000000000000000000000000000000000000000000000000000000000000000000000000000000000000000000016383655356553565535
6553565535655356553200000000000000000000000000000000000000000000000000000000000000000000000000000000000000000000000000000000000000000000000016383655356553565535
6553565535655356553200000000000000000000000000000000000000000000000000000000000000000000000000000000000000000000000000000000000000000000000016383655356553565535
6553565535655356553200000000000000000000000000000000000000000000000000000000000000000000000000000000000000000000000000000000000000000000000016383655356553565535
6553565535655356553200000000000000000000000000000000000000000000000000000000000000000000000000000000000000000000000000000000000000000000000016383655356553565535
6553565535655356553200000000000000000000000000000000000000000000000000000000000000000000000000000000000000000000000000000000000000000000000016383655356553565535
6553565535655356553216382000000000000000000000000000000000000000000000000000000000000000000000000000000000000000000000000000000000000000000016383655356553565535
6553565535655356553216382000000000000000000000000000000000000000000000000000000000000000000000000000000000000000000000000000000000000000000016383655356553565535
6553565535655356553216382000000000000000000000000000000000000000000000000000000000000000000000000000000000000000000000000000000000000000000016383655356553565535
6553565535655356553216382000000000000000000000000000000000000000000000000000000000000000000000000000000000000000000000000000000000000000000016383655356553565535
6553565535655356553216382000000000000000000000000000000000000000000000000000000000000000000000000000000000000000000000000000000000000000000016383655356553565535
6553565535655356553216382000000000000000000000000000000000000000000000000000000000000000000000000000000000000000000000000000000000000000000016383655356553565535
6553565535655356553216382000000000000000000000000000000000000000000000000000000000000000000000000000000000000000000000000000000000000000000016383655356553565535
6553565535655356553216382000000000000000000000000000000000000000000000000000000000000000000000000000000000000000000000000000000000000000000016383655356553565535
6553565535655356553216382000000000000000000000000000000000000000000000000000000000000000000000000000000000000000000000000000000000000000000016383655356553565535
6553565535655356553216382000000000000000000000000000000000000000000000000000000000000000000000000000000000000000000000000000000000000000000016383655356553565535
6553565535655356553216382000000000000000000000000000000000000000000000000000000000000000000000000000000000000000000000000000000000000000000016383655356553565535
6553565535655356553216382000000000000000000000000000000000000000000000000000000000000000000000000000000000000000000000000000000000000000000016383655356553565535
6553565535655356553216382000000000000000000000000000000000000000000000000000000000000000000000000000000000000000000000000000000000000000000016383655356553565535
6553565535655356553216382000000000000000000000000000000000000000000000000000000000000000000000000000000000000000000000000000000000000000000016383655356553565535
6553565535655356553200000000000000000000000000000000000000000000000000000000000000000000000000000000000000000000000000000000000000000000000016383655356553565535
6553565535655356553200000000000000000000000000000000000000000000000000000000000000000000000000000000000000000000000000000000000000000000000016383655356553565535
6553565535655356553200000000000000000000000000000000000000000000000000000000000000000000000000000000000000000000000000000000000000000000000016383655356553565535
6553565535655356553200000000000000000000000000000000000000000000000000000000000000000000000000000000000000000000000000000000000000000000000016383655356553565535
6553565535655356553200000000000000000000000000000000000000000000000000000000000000000000000000000000000000000000000000000000000000000000000016383655356553565535
6553565535655356553200000000000000000000000000000000000000000000000000000000000000000000000000000000000000000000000000000000000000000000000016383655356553565535
6553565535655356553200000000000000000000000000000000000000000000000000000000000000000000000000000000000000000000000000000000000000000000000016383655356553565535
6553565535655356553200000000000000000000000000000000000000000000000000000000000000000000000000000000000000000000000000000000000000000000000016383655356553565535
6553565535655356553200000000000000000000000000000000000000000000000000000000000000000000000000000000000000000000000000000000000000000000000016383655356553565535
6553565535655356553200000000000000000000000000000000000000000000000000000000000000000000000000000000000000000000000000000000000000000000000016383655356553565535
6553565535655356553200000000000000000000000000000000000000000000000000000000000000000000000000000000000000000000000000000000000000000000000016383655356553565535
6553565535655356553200000000000000000000000000000000000000000000000000000000000000000000000000000000000000000000000000000000000000000000000016383655356553565535
6553565535655356553200000000000000000000000000000000000000000000000000000000000000000000000000000000000000000000000000000000000000000000000016383655356553565535
6553565535655356553200000000000000000000000000000000000000000000000000000000000000000000000000000000000000000000000000000000000000000000000016383655356553565535
6553565535655356553200000000000000000000000000000000000000000000000000000000000000000000000000000000000000000000000000000000000000000000000016383655356553565535
6553565535655356553200000000000000000000000000000000000000000000000000000000000000000000000000000000000000000000000000000000000000000000000016383655356553565535
6553565535655356553200000000000000000000000000000000000000000000000000000000000000000000000000000000000000000000000000000000000000000000000016383655356553565535
6553565535655356553200000000000000000000000000000000000000000000000000000000000000000000000000000000000000000000000000000000000000000000000016383655356553565535
6553565535655356553200000000001638365535655320000000000000001638365535655320000000000163836553565532000000000001023655356553549152000000000016383655356553565535
6553565535655356553200000000001638365535655320000000000000001638365535655320000000000163836553565532000000000001023655356553549152000000000016383655356553565535
6553565535655356553200000000001638365535655320000000000000001638365535655320000000000163836553565532000000000001023655356553549152000000000016383655356553565535
6553565535655356553200000000001638365535655320000000000000001638365535655320000000000163836553565532000000000001023655356553549152000000000016383655356553565535
6553565535655356553200000000001638365535655320000000000000001638365535655320000000000163836553565532000000000001023655356553549152000000000016383655356553565535
6553565535655356553200000000001638365535655320000000000000001638365535655320000000000163836553565532000000000001023655356553549152000000000016383655356553565535
6553565535655356553200000000001638365535655320000000000000001638365535655320000000000163836553565532000000000001023655356553549152000000000016383655356553565535
6553565535655356553200000000001638365535655320000000000000001638365535655320000000000163836553565532000000000001023655356553549152000000000016383655356553565535
6553565535655356553200000000001638365535655320000000000000001638365535655320000000000163836553565532000000000001023655356553549152000000000016383655356553565535
6553565535655356553200000000001638365535655320000000000000001638365535655320000000000163836553565532000000000001023655356553549152000000000016383655356553565535
6553565535655356553200000000001638365535655320000000000000001638365535655320000000000163836553565532000000000001023655356553549152000000000016383655356553565535
6553565535655356553200000000001638365535655320000000000000001638365535655320000000000163836553565532000000000001023655356553549152000000000016383655356553565535
6553565535655356553200000000001638365535655320000000000000001638365535655320000000000163836553565532000000000001023655356553549152000000000016383655356553565535
6553565535655356553200000000001638365535655320000000000000001638365535655320000000000163836553565532000000000001023655356553549152000000000016383655356553565535
0000000000000000000000000000001638000000163800000000000000001638000000163800000000000163800000016380000000000001023491520102349152000000000016383655356553565535
0000000000000000000000000000001638000000163800000000003655356553200000163800000000000163800000016380000001638365535491520102365535645120000016383655356553565535
0000000000000000000000000000001638000000163800000000003655356553200000163800000000000163800000016380000001638365535491520102365535645120000016383655356553565535
0000000000000000000000000000001638000000163800000000003655356553200000163800000000000163800000016380000001638365535491520102365535645120000016383655356553565535
0000000000000000000000000000001638000000163800000000003655356553200000163800000000000163800000016380000001638365535491520102365535645120000016383655356553565535
0000000000000000000000000000001638000000163800000000003655356553200000163800000000000163800000016380000001638365535491520102365535645120000016383655356553565535
0000000000000000000000000000001638000000163800000000003655356553200000163800000000000163800000016380000001638365535491520102365535645120000016383655356553565535
0000000000000000000000000000001638000000163800000000003655356553200000163800000000000163800000016380000001638365535491520102365535645120000016383655356553565535
0000000000000000000000000000001638000000163800000000003655356553200000163800000000000163800000016380000001638365535491520102365535645120000016383655356553565535
0000000000000000000000000000001638000000163800000000003655356553200000163800000000000163800000016380000001638365535491520102365535645120000016383655356553565535
0000000000000000000000000000001638000000163800000000003655356553200000163800000000000163800000016380000001638365535491520102365535645120000016383655356553565535
0000000000000000000000000000001638000000163800000000003655356553200000163800000000000163800000016380000001638365535491520102365535645120000016383655356553565535
0000000000000000000000000000001638000000163801638365475655356553200000163800000000000163800000016380000001638365535491520102365535645120000016383655356553565535
0000000000000000000000000000001638000000163801638365475655356553200000163800000000000163800000016380000001638365535491520102365535645120000016383655356553565535
0000000000000000000000000000001638000000163801638365475655356553200000163800000000000163800000016380000001638365535491520102365535645120000016383655356553565535
0000000000000000000000000000001638000000163801638365475655356553200000163800000000000163800000016380000001638365535491520102365535645120000016383655356553565535
0000000000000000000000000000000000000000000000000000000000000000000000000000000000000000000000000000000000000000000000000000000000000000000016383655356553565535
0000000000000000000000000000000000000000000000000000000000000000000000000000000000000000000000000000000000000000000000000000000000000000000016383655356553565535
0000000000000000000000000000000000000000000000000000000000000000000000000000000000000000000000000000000000000000000000000000000000000000000016383655356553565535
0000000000000000000000000000000000000000000000000000000000000000000000000000000000000000000000000000000000000000000000000000000000000000000016383655356553565535
0000000000000000000000000000000000000000000000000000000000000000000000000000000000000000000000000000000000000000000000000000000000000000000016383655356553565535
0000000000000000000000000000000000000000000000000000000000000000000000000000000000000000000000000000000000000000000000000000000000000000000016383655356553565535
0000000000000000000000000000000000000000000000000000000000000000000000000000000000000000000000000000000000000000000000000000000000000000000016383655356553565535
0000000000000000000000000000000000000000000000000000000000000000000000000000000000000000000000000000000000000000000000000000000000000000000016383655356553565535
0000000000000000000000000000000000000000000000000000000000000000000000000000000000000000000000000000000000000000000000000000000000000000000016383655356553565535
0000000000000000000000000000000000000000000000000000000000000000000000000000000000000000000000000000000000000000000000000000000000000000000016383655356553565535
0000000000000000000000000000000000000000000000000000000000000000000000000000000000000000000000000000000000000000000000000000000000000000000016383655356553565535
0000000000000000000000000000000000000000000000000000000000000000000000000000000000000000000000000000000000000000000000000000000000000000000016383655356553565535
0000000000000000000000000000000000000000000000000000000000000000000000000000000000000000000000000000000000000000000000000000000000000000000016383655356553565535
0000000000000000000000000000000000000000000000000000000000000000000000000000000000000000000000000000000000000000000000000000000000000000000016383655356553565535
0000000000000000000000000000000000000000000000000000000000000000000000000000000000000000000000000000000000000000000000000000000000000000000016383655356553565535
0000000000000000000000000000000000000000000000000000000000000000000000000000000000000000000000000000000000000000000000000000000000000000000016383655356553565535
0000000000000000000000000000000000000000000000000000000000000000000000000000000000000000000000000000000000000000000000000000000000000000000000000000000000000000
0000000000000000000000000000000000000000000000000000000000000000000000000000000000000000000000000000000000000000000000000000000000000000000000000000000000000000
0000000000000000000000000000000000000000000000000000000000000000000000000000000000000000000000000000000000000000000000000000000000000000000000000000000000000000
0000000000000000000000000000000000000000000000000000000000000000000000000000000000000000000000000000000000000000000000000000000000000000000000000000000000000000
0000000000000000000000000000000000000000000000000000000000000000000000000000000000000000000000000000000000000000000000000000000000000000000000000000000000000000
0000000000000000000000000000000000000000000000000000000000000000000000000000000000000000000000000000000000000000000000000000000000000000000000000000000000000000
0000000000000000000000000000000000000000000000000000000000000000000000000000000000000000000000000000000000000000000000000000000000000000000000000000000000000000
0000000000000000000000000000000000000000000000000000000000000000000000000000000000000000000000000000000000000000000000000000000000000000000000000000000000000000
0000000000000000000000000000000000000000000000000000000000000000000000000000000000000000000000000000000000000000000000000000000000000000000000000000000000000000
0000000000000000000000000000000000000000000000000000000000000000000000000000000000000000000000000000000000000000000000000000000000000000000000000000000000000000
0000000000000000000000000000000000000000000000000000000000000000000000000000000000000000000000000000000000000000000000000000000000000000000000000000000000000000
0000000000000000000000000000000000000000000000000000000000000000000000000000000000000000000000000000000000000000000000000000000000000000000000000000000000000000
0000000000000000000000000000000000000000000000000000000000000000000000000000000000000000000000000000000000000000000000000000000000000000000000000000000000000000
0000000000000000000000000000000000000000000000000000000000000000000000000000000000000000000000000000000000000000000000000000000000000000000000000000000000000000
0000000000000000000000000000000000000000000000000000000000000000000000000000000000000000000000000000000000000000000000000000000000000000000000000000000000000000
0000000000000000000000000000000000000000000000000000000000000000000000000000000000000000000000000000000000000000000000000000000000000000000000000000000000000000
0000000000000000000000000000000000000000000000000000000000000000000000000000000000000000000000000000000076553565535655356553565535655356553565535655356553565535
0000000000000000000000000000000000000000000000000000000000000000000000000000000000000000000000000000000076553565535655356553565535655356553565535655356553565535
0000000000000000000000000000000000000000000000000000000000000000000000000000000000000000000000000000000076553565535655356553565535655356553565535655356553565535
0000000000000000000000000000000000000000000000000000000000000000000000000000000000000000000000000000000076553565535655356553565535655356553565535655356553565535
0000000000000000000000000000000000000000000000000000000000000000000000000000000000000000000000000000000076553565535655356553565535655356553565535655356553565535
0000000000000000000000000000000000000000000000000000000000000000000000000000000000000000000000000000000076553565535655356553565535655356553565535655356553565535
0000000000000000000000000000000000000000000000000000000000000000000000000000000000000000000000000000000076553565535655356553565535655356553565535655356553565535
0000000000000000000000000000000000000000000000000000000000000000000000000000000000000000000000000000000076553565535655356553565535655356553565535655356553565535
0000000000000000000000000000000000000000000000000000000000000000000000000000000000000000000000000000000076553565535655356553565535655356553565535655356553565535
0000000000000000000000000000000000000000000000000000000000000000000000000000000000000000000000000000000076553565535655356553565535655356553565535655356553565535
0000000000000000000000000000000000000000000000000000000000000000000000000000000000000000000000000000000076553565535655356553565535655356553565535655356553565535
0000000000000000000000000000000000000000000000000000000000000000000000000000000000000000000000000000000076553565535655356553565535655356553565535655356553565535
0000000000000000000000000000000000000000000000000000000000000000000000000000000000000000000000000000000076553565535655356553565535655356553565535655356553565535
0000000000000000000000000000000000000000000000000000000000000000000000000000000000000000000000000000000076553565535655356553565535655356553565535655356553565535
0000000000000000000000000000000000000000000000000000000000000000000000000000000000000000000000000000000076553565535655356553565535655356553565535655356553565535
0000000000000000000000000000000000000000000000000000000000000000000000000000000000000000000000000000000076553565535655356553565535655356553565535655356553565535
0000000000000000000000000000000000000000000000000000000000000000000000000000000000000000000000000007655356553565535655356553565535655356553565535655356553565535
0000000000000000000000000000000000000000000000000000000000000000000000000000000000000000000000000007655356553565535655356553565535655356553565535655356553565535
0000000000000000000000000010236553565535491520000000000000000000000000000000000000000000000000000007655356553565535655356553565535655356553565535655356553565535
0000000000000000000000000010236553565535491520000000000000000000000000000000000000000000000000000007655356553565535655356553565535655356553565535655356553565535
0000000000000000000000000010236553565535491520000000000000000000000000000000000000000000000000000007655356553565535655356553565535655356553565535655356553565535
0000000000000000000000000010236553565535491520000000000000000000000000000000000000000000000000000007655356553565535655356553565535655356553565535655356553565535
0000000000000000000000000010236553565535491520000000000000000000000000000000000000000000000000000007655356553565535655356553565535655356553565535655356553565535
0000000000000000000000000010236553565535491520000000000000000000000000000000000000000000000000000007655356553565535655356553565535655356553565535655356553565535
0000000000000000000000000010236553565535491520000000000000000000000000000000000000000000000000000007655356553565535655356553565535655356553565535655356553565535
0000000000000000000000000010236553565535491520000000000000000000000000000000000000000000000000000007655356553565535655356553565535655356553565535655356553565535
0000000000000000000000000010236553565535491520000000000000000000000000000000000000000000000000000007655356553565535655356553565535655356553565535655356553565535
0000000000000000000000000010236553565535491520000000000000000000000000000000000000000000000000000007655356553565535655356553565535655356553565535655356553565535
0000000000000000000000000010236553565535491520000000000000000000000000000000000000000000000000000007655356553565535655356553565535655356553565535655356553565535
0000000000000000000000000010236553565535491520000000000000000000000000000000000000000000000000000007655356553565535655356553565535655356553565535655356553565535
0000000000000000000000000010236553565535491520000000000000000000000000000000000000000000000000000007655356553565535655356553565535655356553565535655356553565535
0000000000000000000000000010236553565535491520000000000000000000000000000000000000000000000000000007655356553565535655356553565535655356553565535655356553565535
0000000000000000000000000010234915201023491520000000000000000000000000000000000000000000000000765535655356553565535655356553565535655356553565535655356553565535
0000000000000000000016383655354915201023655356451200000000000000000000000000000000000000000000765535655356553565535655356553565535655356553565535655356553565535
0000000000000000000016383655354915201023655356451200000000000000000000000000000000000000000000765535655356553565535655356553565535655356553565535655356553565535
0000000000000000000016383655354915201023655356451200000000000000000000000000000000000000000000765535655356553565535655356553565535655356553565535655356553565535
0000000000000000000016383655354915201023655356457565535491520000000000000000000000000000000000765535655356553565535655356553565535655356553565535655356553565535
0000000000000000000016383655354915201023655356457565535491520000000000000000000000000000000000765535655356553565535655356553565535655356553565535655356553565535
6553565535655356553216383655354915201023655356457565535491520000000000000000000000000000000000765535655356553565535655356553565535655356553565535655356553565535
6553565535655356553216383655354915201023655356457565535491520000000000000000000000000000000000765535655356553565535655356553565535655356553565535655356553565535
6553565535655356553216383655354915201023655356457565535491520000000000000000000000000000000000765535655356553565535655356553565535655356553565535655356553565535
6553565535655356553216383655354915201023655356457565535491520000000000000000000000000000000000765535655356553565535655356553565535655356553565535655356553565535
6553565535655356553216383655354915201023655356457565535491520000000000000000000000000000000000765535655356553565535655356553565535655356553565535655356553565535
6553565535655356553216383655354915201023655356457565535491520000000000000000000000000000000000765535655356553565535655356553565535655356553565535655356553565535
6553565535655356553216383655354915201023655356457565535491520000000000000000000000000000000000765535655356553565535655356553565535655356553565535655356553565535
6553565535655356553216383655354915201023655356457565535491520000000000000000000000000000000000765535655356553565535655356553565535655356553565535655356553565535
6553565535655356553216383655354915201023655356457565535491520000000000000000000000000000000000765535655356553565535655356553565535655356553565535655356553565535
6553565535655356553216383655354915201023655356457565535491520000000000000000000000000000000000765535655356553565535655356553565535655356553565535655356553565535
6553565535655356553200000000000000000000000000000000000000000000000000000000000000000000000000765535655350000000000000000000000000000000000000000000000000000000
6553565535655356553200000000000000000000000000000000000000000000000000000000000000000000000000765535655350000000000000000000000000000000000000000000000000000000
6553565535655356553200000000000000000000000000000000000000000000000000000000000000000000000000765535655350000000000000000000000000000001638200000000000000000000
6553565535655356553200000000000000000000000000000000000000000000000000000000000000000000000000765535655350000000000000000000000000000001638200000000000000000000
6553565535655356553200000000000000000000000000000000000000000000000000000000000000000000000000765535655350000000000000000000000000000001638200000000000000000000
6553565535655356553200000000000000000000000000000000000000000000000000000000000000000000000000765535655350000000000000000000000000000001638200000000000000000000
6553565535655356553200000000000000000000000000000000000000000000000000000000000000000000000000765535655350000000000000000000000000000001638200000000000000000000
6553565535655356553200000000000000000000000000000000000000000000000000000000000000000000000000765535655350000000000000000000000000000001638200000000000000000000
6553565535655356553200000000000000000000000000000000000000000000000000000000000000000000000000765535655350000000000000000000000000000001638200000000000000000000
6553565535655356553200000000000000000000000000000000000000000000000000000000000000000000000000765535655350000000000000000000000000000001638200000000000000000000
6553565535655356553200000000000000000000000000000000000000000000000000000000000000000000000000765535655350000000000000000000000000000001638200000000000000000000
6553565535655356553200000000000000000000000000000000000000000000000000000000000000000000000000765535655350000000000000000000000000000001638200000000000000000000
6553565535655356553200000000000000000000000000000000000000000000000000000000000000000000000000765535655350000000000000000000000000000001638200000000000000000000
6553565535655356553200000000000000000000000000000000000000000000000000000000000000000000000000765535655350000000000000000000000000000001638200000000000000000000
6553565535655356553200000000000000000000000000000000000000000000000000000000000000000000000000765535655350000000000000000000000000000001638200000000000000000000
6553565535655356553200000000000000000000000000000000000000000000000000000000000000000000000000765535655350000000000000000000000000000001638200000000000000000000
6553565535655356553200000000000000000000000000000000000000000000000000000000000000000000000000765535000000000000000000000000000000000000000000000000000000000000
6553565535655356553200000000000000000000000000000000000000000000000000000000000000000000000000765535000000000000000000000000000000000000000000000000000000000000
6553565535655356553200000000000000000000000000000000000000000000000000000000000000000000000000765535000000000000000000000000000000000000000000000000000000000000
6553565535655356553200000000000000000000000000000000000000000000000000000000000000000000000000765535000000000000000000000000000000000000000000000000000000000000
6553565535655356553200000000000000000000000000000000000000000000000000000000000000000000000000765535000000000000000000000000000000000000000000000000000000000000
6553565535655356553200000000000000000000000000000000000000000000000000000000000000000000000000765535000000000000000000000000000000000000000000000000000000000000
6553565535655356553200000000000000000000000000000000000000000000000000000000000000000000000000765535000000000000000000000000000000000000000000000000000000000000
6553565535655356553200000000000000000000000000000000000000000000000000000000000000000000000000765535000000000000000000000000000000000000000000000000000000000000
6553565535655356553200000000000000000000000000000000000000000000000000000000000000000000000000765535000000000000000000000000000000000000000000000000000000000000
6553565535655356553200000000000000000000000000000000000000000000000000000000000000000000000000765535000000000000000000620000031744000000000000000000000000000000
6553565535655356553200000000000000000000000000000000000000000000000000000000000000000000000000765535000000000000000000620000031744000000000000000000000000000000
6553565535655356553200000000000000000000000000000000000000000000000000000000000000000000000000765535000000000000000000620000031744000000000000000000000000000000
6553565535655356553200000000000000000000000000000000000000000000000000000000000000000000000000765535000000000000000000620000031744000000000000000000000000000000
6553565535655356553200000000000000000000000000000000000000000000000000000000000000000000000000765535000000000000000000620000031744000000000000000000000000000000
6553565535655356553200000000000000000000000000000000000000000000000000000000000000000000000000765535000000000000000000620000031744000000000000000000000000000000
6553565535655356553200000000000000000000000000000000000000000000000000000000000000000000000000765535000000000000000000620000031744000000000000000000000000000000
6553565535655356553200000000000000000000000000000000000000000000000000000000000000000000000000765535655356553565535655340000032767655356553565535655356553565535
6553565535655356553200000000000000000000000000000000000000000000000000000000000000000000000000765535655356553565535655340000032767655356553565535655356553565535
6553565535655356553200000000000000000000000000000000000000000000000000000000000000000000000000765535655356553565535655200000004095655356553565535655356553565535
6553565535655356553200000000000000000000000000000000000000000000000000000000000000000000000000765535655356553565535655200000004095655356553565535655356553565535
6553565535655356553200000000000000000000000000000000000000000000000000000000000000000000000000765535655356553565535655200000004095655356553565535655356553565535
6553565535655356553200000000000000000000000000000000000000000000000000000000000000000000000000765535655356553565535655200000004095655356553565535655356553565535
6553565535655356553200000000000000000000000000000000000000000000000000000000000000000000000000765535655356553565535655200000004095655356553565535655356553565535
6553565535655356553200000000000000000000000000000000000000000000000000000000000000000000000000765535655356553565535655200000004095655356553565535655356553565535
6553565535655356553200000000000000000000000000000000000000000000000000000000000000000000000000765535655356553565535655200000004095655356553565535655356553565535
6553565535655356553200000000000000000000000000000000000000000000000000000000000000000000000000765535655356553565535655200000004095655356553565535655356553565535
6553565535655356553200000000000000000000000000000000000000000000000000000000000000000000000000765535655356553565535655200000004095655356553565535655356553565535
6553565535655356553200000000000000000000000000000000000000000000000000000000000000000000000000765535655356553565535655200000004095655356553565535655356553565535
6553565535655356553200000000000000000000000000000000000000000000000000000000000000000000000000765535655356553565535655200000004095655356553565535655356553565535
6553565535655356553200000000000000000000000000000000000000000000000000000000000000000000000000765535655356553565535655200000004095655356553565535655356553565535
6553565535655356553200000000000000000000000000000000000000000000000000000000000000000000000000765535655356553565535655200000004095655356553565535655356553565535
6553565535655356553200000000000000000000000000000000000000000000000000000000000000000000000000765535655356553565535655200000004095655356553565535655356553565535
6553565535655356553200000000000000000000000000000000000000000000000000000000000000000000000000765535655356553565535655200000004095655356553565535655356553565535
6553565535655356553200000000000000000000000000000000000000000000000000000000000000000000000000765535655356553565535655200000004095655356553565535655356553565535
6553565535655356553200000000000000000000000000000000000000000000000000000000000000000000000000765535655356553565535655200000004095655356553565535655356553565535
6553565535655356553200000000000000000000000000000000000000000000000000000000000000000000000000765535655356553565535655200000004095655356553565535655356553565535
6553565535655356553200000000000000000000000000000000000000000000000000000000000000000000000000765535655356553565535655200000004095655356553565535655356553565535
6553565535655356553200000000000000000000000000000000000000000000000000000000000000000000000000765535655356553565535655200000004095655356553565535655356553565535
6553565535655356553200000000000000000000000000000000000000000000000000000000000000000000000000765535655356553565535655200000004095655356553565535655356553565535
6553565535655356553200000000000000000000000000000000000000000000000000000000000000000000000000765535655356553565535655200000004095655356553565535655356553565535
6553565535655356553200000000000000000000000000000000000000000000000000000000000000000000000000765535655356553565535655200000004095655356553565535655356553565535
6553565535655356553200000000000000000000000000000000000000000000000000000000000000000000000000765535655356553565535655200000004095655356553565535655356553565535
6553565535655356553200000000000000000000000000000000000000000000000000000000000000000000000000765535655356553565535655200000004095655356553565535655356553565535
6553565535655356553200000000000000000000000000000000000000000000000000000000000000000000000000765535655356553565535655200000004095655356553565535655356553565535
6553565535655356553200000000000000000000000000000000000000000000000000000000000000000000000000765535655356553565535655200000004095655356553565535655356553565535
6553565535655356553200000000000000000000000000000000000000000000000000000000000000000000000000765535655356553565535655200000004095655356553565535655356553565535
6553565535655356553200000000000000000000000000000000000000000000000000000000000000000000000000765535655356553565535655200000004095655356553565535655356553565535
6553565535655356553200000000000000000000000000000000000000000000000000000000000000000000000000765535655356553565535655200000004095655356553565535655356553565535
6553565535655356553200000000000000000000000000000000000000000000000000000000000000000000000000765535655356553565535655200000004095655356553565535655356553565535
6553565535655356553200000000000000000000000000000000000000000000000000000000000000000000000000765535655356553565535655200000004095655356553565535655356553565535
6553565535655356553200000000000000000000000000000000000000000000000000000000000000000000000000765535655356553565535655200000004095655356553565535655356553565535
6553565535655356553200000000000000000000000000000000000000000000000000000000000000000000000000765535655356553565535655200000004095655356553565535655356553565535
6553565535655356553200000000000000000000000000000000000000000000000000000000000000000000000000765535655356553565535655200000004095655356553565535655356553565535
6553565535655356553200000000000000000000000000000000000000000000000000000000000000000000000000765535655356553565535655200000004095655356553565535655356553565535
6553565535655356553200000000000000000000000000000000000000000000000000000000000000000000000000765535655356553565535655200000004095655356553565535655356553565535
6553565535655356553200000000000000000000000000000000000000000000000000000000000000000000000000765535655356553565535655200000004095655356553565535655356553565535
6553565535655356553200000000000000000000000000000000000000000000000000000000000000000000000000765535655356553565535655200000004095655356553565535655356553565535
6553565535655356553200000000000000000000000000000000000000000000000000000000000000000000000000765535655356553565535655200000004095655356553565535655356553565535
6553565535655356553200000000000000000000000000000000000000000000000000000000000000000000000000765535655356553565535655200000004095655356553565535655356553565535
6553565535655356553200000000000000000000000000000000000000000000000000000000000000000000000000765535655356553565535655200000004095655356553565535655356553565535
6553565535655356553200000000000000000000000000000000000000000000000000000000000000000000000000765535655356553565535655340000032767655356553565535655356553565535
6553565535655356553200000000000000000000000000000000000000000000000000000000000000000000000000765535655356553565535655340000032767655356553565535655356553565535
6553565535655356553200000000000000000000000000000000000000000000000000000000000000000000000000765535655356553565535655340000032767655356553565535655356553565535
6553565535655356553200000000000000000000000000000000000000000000000000000000000000000000000000765535655356553565535655340000032767655356553565535655356553565535
6553565535655356553200000000000000000000000000000000000000000000000000000000000000000000000000700000000000000000000000620000031744000000000016383655356553565535
6553565535655356553200000000000000000000000000000000000000000000000000000000000000000000000000700000000000000000000000620000031744000000000016383655356553565535
6553565535655356553200000000001638200000000000000000000000000000000000000000000000000000000000700000000000000000000000620000031744000000000016383655356553565535
6553565535655356553200000000001638200000000000000000000000000000000000000000000000000000000000700000000000000000000000620000031744000000000016383655356553565535
6553565535655356553200000000001638200000000000000000000000000000000000000000000000000000000000700000000000000000000000620000031744000000000016383655356553565535
6553565535655356553200000000001638200000000000000000000000000000000000000000000000000000000000700000000000000000000000000000000000000000000016383655356553565535
6553565535655356553200000000001638200000000000000000000000000000000000000000000000000000000000700000000000000000000000000000000000000000000016383655356553565535
6553565535655356553200000000001638200000000000000000000000000000000000000000000000000000000000700000000000000000000000000000000000000000000016383655356553565535
6553565535655356553200000000001638200000000000000000000000000000000000000000000000000000000000700000000000000000000000000000000000000000000016383655356553565535
6553565535655356553200000000001638200000000000000000000000000000000000000000000000000000000000700000000000000000000000000000000000000000000016383655356553565535
6553565535655356553200000000001638200000000000000000000000000000000000000000000000000000000000700000000000000000000000000000000000000000000016383655356553565535
6553565535655356553200000000001638200000000000000000000000000000000000000000000000000000000000700000000000000000000000000000000000000000000016383655356553565535
6553565535655356553200000000001638200000000000000000000000000000000000000000000000000000000000700000000000000000000000000000000000000000000016383655356553565535
6553565535655356553200000000001638200000000000000000000000000000000000000000000000000000000000700000000000000000000000000000000000000000000016383655356553565535
6553565535655356553200000000001638200000000000000000000000000000000000000000000000000000000000700000000000000000000000000000000000000000000016383655356553565535
6553565535655356553200000000001638200000000000000000000000000000000000000000000000000000000000700000000000000000000000000000000000000000000016383655356553565535
6553565535655356553200000000000000000000000000000000000000000000000000000000000000000000000000700000000000000000000000000000000000000000000016383655356553565535
6553565535655356553200000000000000000000000000000000000000000000000000000000000000000000000000700000000000000000000000000000000000000000000016383655356553565535
6553565535655356553200000000000000000000000000000000000000000000000000000000000000000000000000700000000000000000000000000000000000000000000016383655356553565535
6553565535655356553200000000000000000000000000000000000000000000000000000000000000000000000000700000000000000000000000000000000000000000000016383655356553565535
6553565535655356553200000000000000000000000000000000000000000000000000000000000000000000000000700000000000000000000000000000000000000000000016383655356553565535
6553565535655356553200000000000000000000000000000000000000000000000000000000000000000000000000700000000000000000000000000000000000000000000016383655356553565535
6553565535655356553200000000000000000000000000000000000000000000000000000000000000000000000000700000000000000000000000000000000000000000000016383655356553565535
6553565535655356553200000000000000000000000000000000000000000000000000000000000000000000000000700000000000000000000000000000000000000000000016383655356553565535
6553565535655356553200000000000000000000000000000000000000000000000000000000000000000000000000700000000000000000000000000000000000000000000016383655356553565535
6553565535655356553200000000000000000000000000000000000000000000000000000000000000000000000000700000000000000000000000000000000000000000000016383655356553565535
6553565535655356553200000000000000000000000000000000000000000000000000000000000000000000000000700000000000000000000000000000000000000000000016383655356553565535
6553565535655356553200000000000000000000000000000000000000000000000000000000000000000000000000700000000000000000000000000000000000000000000016383655356553565535
6553565535655356553200000000000000000000000000000000000000000000000000000000000000000000000000700000000000000000000000000000000000000000000016383655356553565535
6553565535655356553200000000000000000000000000000000000000000000000000000000000000000000000000700000000000000000000000000000000000000000000016383655356553565535
6553565535655356553200000000000000000000000000000000000000000000000000000000000000000000000000700000000000000000000000000000000000000000000016383655356553565535
6553565535655356553200000000000000000000000000000000000000000000000000000000000000000000000000700000000000000000000000000000000000000000000016383655356553565535
6553565535655356553200000000000000000000000000000000000000000000000000000000000000000000000000700000000000000000000000000000000000000000000016383655356553565535
6553565535655356553200000000000000000000000000000000000000000000000000000000000000000000000000700000000000000000000000000000000000000000000016383655356553565535
6553565535655356553200000000000000000000000000000000000000000000000000000000000000000000000000700000000000000000000000000000000000000000000016383655356553565535
6553565535655356553200000000000000000000000000000000000000000000000000000000000000000000000000700000000000000000000000000000000000000000000016383655356553565535
6553565535655356553200000000000000000000000000000000000000000000000000000000000000000000000000700000000000000000000000000000000000000000000016383655356553565535
6553565535655356553200000000000000000000000000000000000000000000000000000000000000000000000000700000000000000000000000000000000000000000000016383655356553565535
6553565535655356553200000000000000000000000000000000000000000000000000000000000000000000000000700000000000000000000000000000000000000000000016383655356553565535
6553565535655356553565535655356553565535655356553565535655356553565535655356553565535655356553500000000000000016383655356553565535655356553565535655356553565535
6553565535655356553565535655356553565535655356553565535655356553565535655356553565535655356553500000000000000016383655356553565535655356553565535655356553565535
6553565535655356553565535655356553565535655356553565535655356553565535655356553565535655356553500000000000000016383655356553565535655356553565535655356553565535
6553565535655356553565535655356553565535655356553565535655356553565535655356553565535655356553500000000000000016383655356553565535655356553565535655356553565535
6553565535655356553565535655356553565535655356553565535655356553565535655356553565535655356553500000000000000016383655356553565535655356553565535655356553565535
6553565535655356553565535655356553565535655356553565535655356553565535655356553565535655356553500000000000000016383655356553565535655356553565535655356553565535
6553565535655356553565535655356553565535655356553565535655356553565535655356553565535655356553500000000000000016383655356553565535655356553565535655356553565535
6553565535655356553565535655356553565535655356553565535655356553565535655356553565535655356553500000000000000016383655356553565535655356553565535655356553565535
6553565535655356553565535655356553565535655356553565535655356553565535655356553565535655356553500000000000000016383655356553565535655356553565535655356553565535
6553565535655356553565535655356553565535655356553565535655356553565535655356553565535655356553500000000000000016383655356553565535655356553565535655356553565535
6553565535655356553565535655356553565535655356553565535655356553565535655356553565535655356553500000000000000016383655356553565535655356553565535655356553565535
6553565535655356553565535655356553565535655356553565535655356553565535655356553565535655356553500000000000000016383655356553565535655356553565535655356553565535
6553565535655356553565535655356553565535655356553565535655356553565535655356553565535655356553500000000000000016383655356553565535655356553565535655356553565535
6553565535655356553565535655356553565535655356553565535655356553565535655356553565535655356553500000000000000016383655356553565535655356553565535655356553565535
6553565535655356553565535655356553565535655356553565535655356553565535655356553565535655356553500000000000000016383655356553565535655356553565535655356553565535
6553565535655356553565535655356553565535655356553565535655356553565535655356553565535655356553500000000000000016383655356553565535655356553565535655356553565535
6553565535655356553565535655356553565535655356553565535655356553565535655356553565535655356553500000000000000016383655356553565535655356553565535655356553565535
6553565535655356553565535655356553565535655356553565535655356553565535655356553565535655356553500000000000000016383655356553565535655356553565535655356553565535
6553565535655356553565535655356553565535655356553565535655356553565535655356553565535655356553500000000000000016383655356553565535655356553565535655356553565535
6553565535655356553565535655356553565535655356553565535655356553565535655356553565535655356553500000000000000016383655356553565535655356553565535655356553565535
6553565535655356553565535655356553565535655356553565535655356553565535655356553565535655356553500000000000000016383655356553565535655356553565535655356553565535
6553565535655356553565535655356553565535655356553565535655356553565535655356553565535655356553500000000000000016383655356553565535655356553565535655356553565535
6553565535655356553565535655356553565535655356553565535655356553565535655356553565535655356553500000000000000016383655356553565535655356553565535655356553565535
6553565535655356553565535655356553565535655356553565535655356553565535655356553565535655356553500000000000000016383655356553565535655356553565535655356553565535
6553565535655356553565535655356553565535655356553565535655356553565535655356553565535655356553500000000000000016383655356553565535655356553565535655356553565535
6553565535655356553565535655356553565535655356553565535655356553565535655356553565535655356553500000000000000016383655356553565535655356553565535655356553565535
6553565535655356553565535655356553565535655356553565535655356553565535655356553565535655356553500000000000000016383655356553565535655356553565535655356553565535
6553565535655356553565535655356553565535655356553565535655356553565535655356553565535655356553500000000000000016383655356553565535655356553565535655356553565535
6553565535655356553565535655356553565535655356553565535655356553565535655356553565535655356553500000000000000016383655356553565535655356553565535655356553565535
6553565535655356553565535655356553565535655356553565535655356553565535655356553565535655356553500000000000000016383655356553565535655356553565535655356553565535
6553565535655356553565535655356553565535655356553565535655356553565535655356553565535655356553500000000000000016383655356553565535655356553565535655356553565535
6553565535655356553565535655356553565535655356553565535655356553565535655356553565535655356553500000000000000016383655356553565535655356553565535655356553565535
6553565535655356553565535655356553565535655356553565535655356553565535655356553565535655356553500000000000000016383655356553565535655356553565535655356553565535
6553565535655356553565535655356553565535655356553565535655356553565535655356553565535655356553500000000000000016383655356553565535655356553565535655356553565535
6553565535655356553565535655356553565535655356553565535655356553565535655356553565535655356553500000000000000016383655356553565535655356553565535655356553565535
6553565535655356553565535655356553565535655356553565535655356553565535655356553565535655356553500000000000000016383655356553565535655356553565535655356553565535
6553565535655356553565535655356553565535655356553565535655356553565535655356553565535655356553500000000000000016383655356553565535655356553565535655356553565535
6553565535655356553565535655356553565535655356553565535655356553565535655356553565535655356553500000000000000016383655356553565535655356553565535655356553565535
6553565535655356553565535655356553565535655356553565535655356553565535655356553565535655356553500000000000000016383655356553565535655356553565535655356553565535
6553565535655356553565535655356553565535655356553565535655356553565535655356553565535655356553500000000000000016383655356553565535655356553565535655356553565535
6553565535655356553565535655356553565535655356553565535655356553565535655356553565535655356553500000000000000016383655356553565535655356553565535655356553565535