6553565535655356553565535655356553565535655356553565535655356553565535655356553565535655356553565535655356553565535655356553565535655356553565535655356553565535
6553565535655356553565535655356553565535655356553565535655356553565535655356553565535655356553565535655356553565535655356553565535655356553565535655356553565535
6553565535655356553565535655356553565535655356553565535655356553565535655356553565535655356553565535655356553565535655356553565535655356553565535655356553565535
6553565535655356553565535655356553565535655356553565535655356553565535655356553565535655356553565535655356553565535655356553565535655356553565535655356553565535
6553565535655356553565535655356553565535655356553565535655356553565535655356553565535655356553565535655356553565535655356553565535655356553565535655356553565535
6553565535655356553565535655356553565535655356553565535655356553565535655356553565535655356553565535655356553565535655356553565535655356553565535655356553565535
6553565535655356553565535655356553565535655356553565535655356553565535655356553565535655356553565535655356553565535655356553565535655356553565535655356553565535
6553565535655356553565535655356553565535655356553565535655356553565535655356553565535655356553565535655356553565535655356553565535655356553565535655356553565535
6553565535655356553565535655356553565535655356553565535655356553565535655356553565535655356553565535655356553565535655356553565535655356553565535655356553565535
6553565535655356553565535655356553565535655356553565535655356553565535655356553565535655356553565535655356553565535655356553565535655356553565535655356553565535
6553565535655356553565535655356553565535655356553565535655356553565535655356553565535655356553565535655356553565535655356553565535655356553565535655356553565535
6553565535655356553565535655356553565535655356553565535655356553565535655356553565535655356553565535655356553565535655356553565535655356553565535655356553565535
6553565535655356553565535655356553565535655356553565535655356553565535655356553565535655356553565535655356553565535655356553565535655356553565535655356553565535
6553565535655356553565535655356553565535655356553565535655356553565535655356553565535655356553565535655356553565535655356553565535655356553565535655356553565535
6553565535655356553565535655356553565535655356553565535655356553565535655356553565535655356553565535655356553565535655356553565535655356553565535655356553565535
6553565535655356553565535655356553565535655356553565535655356553565535655356553565535655356553565535655356553565535655356553565535655356553565535655356553565535
6553565535655356553565535655356553565535655356553565535655356553565535655356553565535655356553565535655356553565535655356553565535655356553565535655356553565535
6553565535655356553565535655356553565535655356553565535655356553565535655356553565535655356553565535655356553565535655356553565535655356553565535655356553565535
6553565535655356553565535655356553565535655356553565535655356553565535655356553565535655356553565535655356553565535655356553565535655356553565535655356553565535
6553565535655356553565535655356553565535655356553565535655356553565535655356553565535655356553565535655356553565535655356553565535655356553565535655356553565535
6553565535655356553565535655356553565535655356553565535655356553565535655356553565535655356553565535655356553565535655356553565535655356553565535655356553565535
6553565535655356553565535655356553565535655356553565535655356553565535655356553565535655356553565535655356553565535655356553565535655356553565535655356553565535
6553565535655356553565535655356553565535655356553565535655356553565535655356553565535655356553565535655356553565535655356553565535655356553565535655356553565535
6553565535655356553565535655356553565535655356553565535655356553565535655356553565535655356553565535655356553565535655356553565535655356553565535655356553565535
6553565535655356553565535655356553565535655356553565535655356553565535655356553565535655356553565535655356553565535655356553565535655356553565535655356553565535
6553565535655356553565535655356553565535655356553565535655356553565535655356553565535655356553565535655356553565535655356553565535655356553565535655356553565535
6553565535655356553565535655356553565535655356553565535655356553565535655356553565535655356553565535655356553565535655356553565535655356553565535655356553565535
6553565535655356553565535655356553565535655356553565535655356553565535655356553565535655356553565535655356553565535655356553565535655356553565535655356553565535
6553565535655356553565535655356553565535655356553565535655356553565535655356553565535655356553565535655356553565535655356553565535655356553565535655356553565535
6553565535655356553565535655356553565535655356553565535655356553565535655356553565535655356553565535655356553565535655356553565535655356553565535655356553565535
6553565535655356553565535655356553565535655356553565535655356553565535655356553565535655356553565535655356553565535655356553565535655356553565535655356553565535
6553565535655356553565535655356553565535655356553565535655356553565535655356553565535655356553565535655356553565535655356553565535655356553565535655356553565535
6553565535655356553565535655356553565535655356553565535655356553565535655356553565535655356553565535655356553565535655356553565535655356553565535655356553565535
6553565535655356553565535655356553565535655356553565535655356553565535655356553565535655356553565535655356553565535655356553565535655356553565535655356553565535
6553565535655356553565535655356553565535655356553565535655356553565535655356553565535655356553565535655356553565535655356553565535655356553565535655356553565535
6553565535655356553565535655356553565535655356553565535655356553565535655356553565535655356553565535655356553565535655356553565535655356553565535655356553565535
6553565535655356553565535655356553565535655356553565535655356553565535655356553565535655356553565535655356553565535655356553565535655356553565535655356553565535
6553565535655356553565535655356553565535655356553565535655356553565535655356553565535655356553565535655356553565535655356553565535655356553565535655356553565535
6553565535655356553565535655356553565535655356553565535655356553565535655356553565535655356553565535655356553565535655356553565535655356553565535655356553565535
6553565535655356553565535655356553565535655356553565535655356553565535655356553565535655356553565535655356553565535655356553565535655356553565535655356553565535
6553565535655356553565535655356553565535655356553565535655356553565535655356553565535655356553565535655356553565535655356553565535655356553565535655356553565535
6553565535655356553565535655356553565535655356553565535655356553565535655356553565535655356553565535655356553565535655356553565535655356553565535655356553565535
6553565535655356553565535655356553565535655356553565535655356553565535655356553565535655356553565535655356553565535655356553565535655356553565535655356553565535
6553565535655356553565535655356553565535655356553565535655356553565535655356553565535655356553565535655356553565535655356553565535655356553565535655356553565535
6553565535655356553565535655356553565535655356553565535655356553565535655356553565535655356553565535655356553565535655356553565535655356553565535655356553565535
6553565535655356553565535655356553565535655356553565535655356553565535655356553565535655356553565535655356553565535655356553565535655356553565535655356553565535
6553565535655356553565535655356553565535655356553565535655356553565535655356553565535655356553565535655356553565535655356553565535655356553565535655356553565535
6553565535655356553565535655356553565535655356553565535655356553565535655356553565535655356553565535655356553565535655356553565535655356553565535655356553565535
6553565535655356553565535655356553565535655356553565535655356553565535655356553565535655356553565535655356553565535655356553565535655356553565535655356553565535
6553565535655356553565535655356553565535655356553565535655356553565535655356553565535655356553565535655356553565535655356553565535655356553565535655356553565535
6553565535655356553565535655356553565535655356553565535655356553565535655356553565535655356553565535655356553565535655356553565535655356553565535655356553565535
6553565535655356553565535655356553565535655356553565535655356553565535655356553565535655356553565535655356553565535655356553565535655356553565535655356553565535
6553565535655356553565535655356553565535655356553565535655356553565535655356553565535655356553565535655356553565535655356553565535655356553565535655356553565535
6553565535655356553565535655356553565535655356553565535655356553565535655356553565535655356553565535655356553565535655356553565535655356553565535655356553565535
6553565535655356553565535655356553565535655356553565535655356553565535655356553565535655356553565535655356553565535655356553565535655356553565535655356553565535
6553565535655356553565535655356553565535655356553565535655356553565535655356553565535655356553565535655356553565535655356553565535655356553565535655356553565535
6553565535655356553565535655356553565535655356553565535655356553565535655356553565535655356553565535655356553565535655356553565535655356553565535655356553565535
6553565535655356553565535655356553565535655356553565535655356553565535655356553565535655356553565535655356553565535655356553565535655356553565535655356553565535
6553565535655356553565535655356553565535655356553565535655356553565535655356553565535655356553565535655356553565535655356553565535655356553565535655356553565535
6553565535655356553565535655356553565535655356553565535655356553565535655356553565535655356553565535655356553565535655356553565535655356553565535655356553565535
6553565535655356553565535655356553565535655356553565535655356553565535655356553565535655356553565535655356553565535655356553565535655356553565535655356553565535
6553565535655356553565535655356553565535655356553565535655356553565535655356553565535655356553565535655356553565535655356553565535655356553565535655356553565535
6553565535655356553565535655356553565535655356553565535655356553565535655356553565535655356553565535655356553565535655356553565535655356553565535655356553565535
6553565535655356553565535655356553565535655356553565535655356553565535655356553565535655356553565535655356553565535655356553565535655356553565535655356553565535
0000000000000000000000000000000000057344000000000000000000000000000000000000000000000000000000000000000000000000000000000000000000000000000000000000000000000000
0000000000000000000000000000000000057344000000000000000000000000000000000000000000000000000000000000000000000000000000000000000000000000000000000000000000000000
0000000000000000000000000000000000057344000000000000000000000000000000000000000000000000000000000000000000000000000000000000000000000000000000000000000000000000
0000000000000000000000000000000000057344000000000000000000000000000000000000000000000000000000000000000000000000000000000000000000000000000000000000000000000000
0000000000000000000000000000000000057344000000000000000000000000000000000000000000000000000000000000000000000000000000000000000000000000000000000000000000000000
0000000000000000000000000000000000057344000000000000000000000000000000000000000000000000000000000000000000000000000000000000000000000000000000000000000000000000
0000000000000000000000000000000000057344000000000000000000000000000000000000000000000000000000000000000000000000000000000000000000000000000000000000000000000000
0000000000000000000000000000000000057344000000000000000000000000000000000000000000000000000000000000000000000000000000000000000000000000000000000000000000000000
0000000000000000000000000000000000057344000000000000000000000000000000000000000000000000000000000000000000000000000000000000000000000000000000000000000000000000
0000000000000000000000000000000000057344000000000000000000000000000000000000000000000000000000000000000000000000000000000000000000000000000000000000000000000000
0000000000000000000000000000000000057344000000000000000000000000000000000000000000000000000000000000000000000000000000000000000000000000000000000000000000000000
0000000000000000000000000000000000057344000000000000000000000000000000000000000000000000000000000000000000000000000000000000000000000000000000000000000000000000
0000000000000000000000000000000000057344000000000000000000000000000000000000000000000000000000000000000000000000000000000000000000000000000000000000000000000000
0000000000000000000000000000000000057344000000000000000000000000000000000000000000000000000000000000000000000000000000000000000000000000000000000000000000000000
0000000000000000000000000000000000057344000000000000000000000000000000000000000000000000000000000000000000000000000000000000000000000000000000000000000000000000
0000000000000000000000000000000000057344000000000000000000000000000000000000000000000000000000000000000000000000000000000000000000000000000000000000000000000000
0000000000000000000000000000000000065535573440000000000000000000000000000000000000000000000000000000000000000000000000000000000000000000000000000000000000000000
0000000000000000000000000000000000065535573440000000000000000000000000000000000000000000000000000000000000000000000000000000000000000000000000000000000000000000
0000000000000000000000000000000000065535573440000000000000000000000000000000000000000000000000000000000000000000000000000000000000000000000000000000000000000000
0000000000000000000000000000000000065535573440000000000000000000000000000000000000000000000000000000000000000000000000000000000000000000000000000000000000000000
0000000000000000000000000000000000065535573440000000000000000000000000000000000000000000000000000000000000000000000000000000000000000000000000000000000000000000
0000000000000000000000000000000000065535573440000000000000000000000000000000000000000000000000000000000000000000000000000000000000000000000000000000000000000000
0000000000000000000000000000000000065535573440000000000000000000000000000000000000000000000000000000000000000000000000000000000000000000000000000000000000000000
0000000000000000000000000000000000065535573440000065535655356553565535655356553565535655356553565535655356553565535655356553565535655350000065535655356553565535
0000000000000000000000000000000000065535573440000065535655356553565535655356553565535655356553565535655356553565535655356553565535655350000065535655356553565535
0000000000000000000000000000000000065535573440000065535655356553565535655356553565535655356553565535655356553565535655356553565535655350000065535655356553565535
0000000000000000000000000000000000065535573440000065535655356553565535655356553565535655356553565535655356553565535655356553565535655350000065535655356553565535
0000000000000000000000000000000000065535573440000065535655356553565535655356553565535655356553565535655356553565535655356553565535655350000065535655356553565535
0000000000000000000000000000000000065535573440000065535655356553565535655356553565535655356553565535655356553565535655356553565535655350000065535655356553565535
0000000000000000000000000000000000065535573440000065535655356553565535655356553565535655356553565535655356553565535655356553565535655350000065535655356553565535
0000000000000000000000000000000000065535573440000065535655356553565535655356553565535655356553565535655356553565535655356553565535655350000065535655356553565535
0000000000000000000000000000000000065535573440000065535655356553565535655356553565535655356553565535655356553565535655356553565535655356553565535655356553565535
0000000000000000000000000000000000065535573440000065535655356553565535655356553565535655356553565535655356553565535655356553565535655356553565535655356553565535
0000000000000000000000000000000000065535573440000065535655356553565535655356553565535655356553565535655356553565535655356553565535655356553565535655356553565535
0000000000000000000000000000000000065535573440000065535655356553565535655356553565535655356553565535655356553565535655356553565535655356553565535655356553565535
0000000000000000000000000000000000065535573440000065535655356553565535655356553565535655356553565535655356553565535655356553565535655356553565535655356553565535
0000000000000000000000000000000000065535573440000065535655356553565535655356553565535655356553565535655356553565535655356553565535655356553565535655356553565535
0000000000000000000000000000000000065535573440000065535655356553565535655356553565535655356553565535655356553565535655356553565535655356553565535655356553565535
0000000000000000000000000000000000065535573440000065535655356553565535655356553565535655356553565535655356553565535655356553565535655356553565535655356553565535
0000000000000000000000000000000000065535573440000065535655356553565535655356553565535655356553565535655356553565535655356553565535655356553565535655356553565535
0000000000000000000000000000000000065535573440000065535655356553565535655356553565535655356553565535655356553565535655356553565535655356553565535655356553565535
0000000000000000000000000000000000065535573440000065535655356553565535655356553565535655356553565535655356553565535655356553565535655356553565535655356553565535
0000000000000000000000000000000000065535573440000065535655356553565535655356553565535655356553565535655356553565535655356553565535655356553565535655356553565535
0000000000000000000000000000000000065535573440000065535655356553565535655356553565535655356553565535655356553565535655356553565535655356553565535655356553565535
0000000000000000000000000000000000065535573440000065535655356553565535655356553565535655356553565535655356553565535655356553565535655356553565535655356553565535
0000000000000000000000000000000000065535573440000065535655356553565535655356553565535655356553565535655356553565535655356553565535655356553565535655356553565535
0000000000000000000000000000000000065535573440000065535655356553565535655356553565535655356553565535655356553565535655356553565535655356553565535655356553565535
0000000000000000000000000000000000065535573440000065535655356553565535655356553565535655356553565535655356553565535655356553565535655356553565535655356553565535
0000000000000000000000000000000000000000573440000065535655356553565535655356553565535655356553565535655356553565535655356553565535655356553565535655356553565535
0000000000000000000000000000000000000000573440000065535655356553565535655356553565535655356553565535655356553565535655356553565535655356553565535655356553565535
0000000000000000000000000000000000000000573440000065535655356553565535655356553565535655356553565535655356553565535655356553565535655356553565535655356553565535
0000000000000000000000000000000000000000573440000065535655356553565535655356553565535655356553565535655356553565535655356553565535655356553565535655356553565535
0000000000000000000000000000000000000000573440000065535655356553565535655356553565535655356553565535655356553565535655356553565535655356553565535655356553565535
0000000000000000000000000000000000000000573440000065535655356553565535655356553565535655356553565535655356553565535655356553565535655356553565535655356553565535
0000000000000000000000000000000000000000573440000065535655356553565535655356553565535655356553565535655356553565535655356553565535655356553565535655356553565535
0000000000000000000000000000000000000000573440000065535655356553565535655356553565535655356553565535655356553565535655356553565535655356553565535655356553565535
0000000000000000000000000000000000000000573440000065535655356553565535655356553565535655356553565535655356553565535655356553565535655356553565535655356553565535
0000000000000000000000000000000000000000573440000065535655356553565535655356553565535655356553565535655356553565535655356553565535655356553565535655356553565535
0000000000000000000000000000000000000000573440000065535655356553565535655356553565535655356553565535655356553565535655356553565535655356553565535655356553565535
0000000000000000000000000000000000000000573440000065535655356553565535655356553565535655356553565535655356553565535655356553565535655356553565535655356553565535
0000000000000000000000000000000000000000573440000065535655356553565535655356553565535655356553565535655356553565535655356553565535655356553565535655356553565535
0000000000000000000000000000000000000000573440000065535655356553565535655356553565535655356553565535655356553565535655356553565535655356553565535655356553565535
0000000000000000000000000000000000000000573440000065535655356553565535655356553565535655356553565535655356553565535655356553565535655356553565535655356553565535
0000000000000000000000000000000000000000573440000065535655356553565535655356553565535655356553565535655356553565535655356553565535655356553565535655356553565535
0000000000000000000000000000000000000000573440000057344000000000000000000000000000000000000000000000000000000000000000000000000000000000000065535655356553565535
0000000000000000000000000000000000000000573440000057344000000000000000000000000000000000000000000000000000000000000000000000000000000000000065535655356553565535
0000000000000000000000000000000000000000573440000057344000000000000000000000000000000000000000000000000000000000000000000000000000000000000065535655356553565535
0000000000000000000000000000000000000000573440000057344000000000000000000000000000000000000000000000000000000000000000000000000000000000000065535655356553565535
0000000000000000000000000000000000000000573440000057344000000000000000000000000000000000000000000000000000000000000000000000000000000000000065535655356553565535
0000000000000000000000000000000000000000573440000057344000000000000000000000000000000000000000000000000000000000000000000000000000000000000065535655356553565535
0000000000000000000000000000000000000000573440000057344000000000000000000000000000000000000000000000000000000000000000000000000000000000000065535655356553565535
0000000000000000000000000000000000000000573440000057344000000000000000000000000000000000000000000000000000000000000000000000000000000000000065535655356553565535
0000000000000000000000000000000000000000573440000057344000000000000000000000000000000000000000000000000000000000000000000000000000000000000065535655356553565535
0000000000000000000000000000000000000000573440000057344000000000000000000000000000000000000000000000000000000000000000000000000000000000000065535655356553565535
0000000000000000000000000000000000000000573440000057344000000000000000000000000000000000000000000000000000000000000000000000000000000000000065535655356553565535
0000000000000000000000000000000000000000573440000057344000000000000000000000000000000000000000000000000000000000000000000000000000000000000065535655356553565535
0000000000000000000000000000000000000000573440000057344000000000000000000000000000000000000000000000000000000000000000000000000000000000000065535655356553565535
0000000000000000000000000000000000000000573440000057344000000000000000000000000000000000000000000000000000000000000000000000000000000000000065535655356553565535
0000000000000000000000000000000000000000573440000057344000000000000000000000000000000000000000000000000000000000000000000000000000000000000065535655356553565535
0000000000000000000000000000000000000000573440000057344000000000000000000000000000000000000000000000000000000000000000000000000000000000000065535655356553565535
0000000000000000000000000000000000000000573440000065535573440000000000000000000000000000000000000000000000000000000000000000000000000000000065535655356553565535
0000000000000000000000000000000000000000573440000065535573440000000000000000000000000000000000000000000000000000000000000000000000000000000065535655356553565535
0000000000000000000000000000000000000000573440000065535573440000000000000000000000000000000000000000000000000000000000000000000000000000000065535655356553565535
0000000000000000000000000000000000000000573440000065535573440000000000000000000000000000000000000000000000000000000000000000000000000000000065535655356553565535
0000000000000000000000000000000000000000573440000065535573440000000000000000000000000000000000000000000000000000000000000000000000000000000065535655356553565535
0000000000000000000000000000000000000000573440000065535573440000000000000000000000000000000000000000000000000000000000000000000000000000000065535655356553565535
0000000000000000000000000000000000000000573440000065535573440000000000000000000000000000000000000000000000000000000000000000000000000000000065535655356553565535
6553565535655356553200000000000000000000573440000065535573440000000000000000000000000000000000000000000000000000000000000000000000000000000065535655356553565535
6553565535655356553200000000000000000000573440000065535573440000000000000000000000000000000000000000000000000000000000000000000000000000000065535655356553565535
6553565535655356553200000000000000000000573440000065535573440000000000000000000000000000000000000000000000000000000000000000000000000000000065535655356553565535
6553565535655356553200000000000000000000573440000065535573440000000000000000000000000000000000000000000000000000000000000000000000000000000065535655356553565535
6553565535655356553200000000000000000000573440000065535573440000000000000000000000000000000000000000000000000000000000000000000000000000000065535655356553565535
6553565535655356553200000000000000000000573440000065535573440000000000000000000000000000000000000000000000000000000000000000000000000000000065535655356553565535
6553565535655356553200000000000000000000573440000065535573440000000000000000000000000000000000000000000000000000000000000000000000000000000065535655356553565535
6553565535655356553200000000000000000000573440000065535573440000000000000000000000000000000000000000000000000000000000000000000000000000000065535655356553565535
6553565535655356553200000000000000000000573440000065535573440000000000000000000000000000000000000000000000000000000000000000000000000000000065535655356553565535
6553565535655356553200000000000000000000573440000065535573440000000000000000000000000000000000000000000000000000000000000000000000000000000000000000000000000000
6553565535655356553200000000000000000000573440000065535573440000000000000000000000000000000000000000000000000000000000000000000000000000000000000000000000000000
6553565535655356553200000000000000000000573440000065535573440000000000000000000000000000000000000000000000000000000000000000000000000000000000000000000000000000
6553565535655356553200000000000000000000573440000065535573440000000000000000000000000000000000000000000000000000000000000000000000000000000000000000000000000000
6553565535655356553200000000000000000000573440000065535573440000000000000000000000000000000000000000000000000000000000000000000000000000000000000000000000000000
6553565535655356553200000000000000000000573440000065535573440000000000000000000000000000000000000000000000000000000000000000000000000000000000000000000000000000
6553565535655356553200000000000000000000573440000065535573440000000000000000000000000000000000000000000000000000000000000000000000000000000000000000000000000000
6553565535655356553200000000000000000000573440000065535573440000000000000001638365535654720000000000000000000000000000000000000000000000000000000000000000000000
6553565535655356553200000000000000000000573440000065535573440000000000000001638365535654720000000000000000000000000000000000000000000000000000000000000000000000
6553565535655356553200000000000000000000573440000065535573440000000000000001638365535654720000000000000000000000000000000000000000000000000000000000000000000000
6553565535655356553200000000000000000000573440000065535573440000000000000001638365535654720000000000000000000000000000000000000000000000000000000000000000000000
6553565535655356553200000000000000000000573440000065535573440000000000000001638365535654720000000000000000000000000000000000000000000000000000000000000000000000
6553565535655356553200000000000000000000573440000065535573440000000000000001638365535654720000000000000000000000000000000000000000000000000000000000000000000000
6553565535655356553200000000000000000000573440000065535573440000000000000001638365535655040000000000000000000000000000000000000000000000000000000000000000000000
6553565535655356553200000000000000000000573440000065535573440000000000000001638365535655040000000000000000000000000000000000000000000000000000000000000000000000
6553565535655356553200000000000000000000573440000065535573440000000000000001638365535655040000000000000000000000000000000000000000000000000000000000000000000000
6553565535655356553200000000000000000000573440000000000573440000000000000001638365535655040000000000000000000000000000000000000000000000000000000000000000000000
6553565535655356553200000000000000000000573440000000000573440000000000000001638365535655200000000000000000000000000000000000000000000000000000000000000000000000
6553565535655356553200000000000000000000573440000000000573440000000000000001638365535655320000000000000000000000000000000000000000000000000000000000000000000000
6553565535655356553200000000000000000000573440000000000573440000000000000001638365535655320000000000000000000000000000000000000000000000000000000000000000000000
6553565535655356553200000000000000000000573440000000000573440000000000000001638365535655320000000000000000000000000000000000000000000000000000000000000000000000
6553565535655356553200000000000000000000573440000000000573440000000000000001638365535655320000000000000000000000000000000000000000000000000000000000000000000000
6553565535655356553200000000000000000000573440000000000573440000000000000001638365535655320000000000000000000000000000000000000000000000000000000000000000000000
6553565535655356553200000000000000000000573440000000000573440000000000000001638365535655320000000000000000000000000000000000000000000000000000000000000000000000
6553565535655356553200000000000000000000573440000000000573440000000000000000051165535654080000000000000000000000000000000000000000000000000000000000000000000000
6553565535655356553200000000000000000000573440000000000573440000000000000000051165535654080000000000000000000000000000000000000000000000000000000000000000000000
6553565535655356553200000000000000000000573440000000000573440000000000000000012765535650240000000000000000000000000000000000000000000000000000000000000000000000
6553565535655356553200000000000000000000573440000000000573440000000000000000012765535650240000000000000000000000000000000000000000000000000000000000000000000000
6553565535655356553200000000000000000000573440000000000573440000000000000000012765535650240000000000000000000000000000000000000000000000000000000000000000000000
6553565535655356553200000000000000000000573440000000000573440000000000000000012765535650240000000000000000000000000000000000000000000000000000000000000000000000
6553565535655356553200000000000000000000573440000000000573440000000000000000012765535650240000000000000000000000000000000000000000000000000000000000000000000000
6553565535655356553200000000000000000000573440000000000573440000000000000000012765535650240000000000000000000000000000000000000000000000000000000000000000000000
6553565535655356553200000000000000000000573440000000000573440000000000000000012765535650240000000000000000000000000000000000000000000000000000000000000000000000
6553565535655356553200000000000000000000573440000000000573440000000000000000012765535650240000000000000000000000000000000000000000000000000000000000000000000000
6553565535655356553200000000000000000000573440000000000573440000000000000000012765535650240000000000000000000000000000000000000000000000000000000000000000000000
6553565535655356553200000000000000000000573440000000000573440000000000000000012765535650240000000000000000000000000000000000000000000000000000000000000000000000
6553565535655356553200000000000000000000573440000000000573440000000000000000012765535650240000000000000000000000000000000000000000000000000000000000000000000000
6553565535655356553200000000000000000000573440000000000573440000000000000000012765535650240000000000000000000000000000000000000000000000000000000000000000000000
6553565535655356553200000000000000000000573440000000000573440000000000000000012765535650240000000000000000000000000000000000000000000000000000000000000000000000
6553565535655356553200000000000000000000573440000000000573440000000000000000012765535650240000000000000000000000000000000000000000000000000000000000000000000000
6553565535655356553200000000000000000000573440000000000573440000000000000000012765535650240000000000000000000000000000000000000000000000000000000000000000000000
6553565535655356553200000000000000000000573440000000000573440000000000000000012765535650240000000000000000000000000000000000000000000000000000000000000000000000
6553565535655356553200000000000000000000573440000000000573440000000000000000012765535650240000000000000000000000000000000000000000000000000000000000000000000000
6553565535655356553200000000000000000000573440000000000573440000000000000000012765535650240000000000000000000000000000000000000000000000000000000000000000000000
6553565535655356553200000000000000000000573440000000000573440000000000000000012765535650240000000000000000000000000000000000000000000000000000000000000000000000
6553565535655356553200000000000000000000573440000000000573440000000000000000012765535650240000000000000000000000000000000000000000000000000000000000000000000000
6553565535655356553200000000000000000000573440000000000573440000000000000000012765535650240000000000000000000000000000000000000000000000000000000000000000000000
6553565535655356553200000000000000000000573440000000000573440000000000000000012765535650240000000000000000000000000000000000000000000000000000000000000000000000
6553565535655356553200000000000000000000573440000000000573440000000000000000000000000000000000000000000000000000000000070000000000573440000000000000000000000000
6553565535655356553200000000000000000000573440000000000573440000000000000000000000000000000000000000000000000000000000070000000000573440000000000000000000000000
6553565535655356553200000000000000000000573440000000000573440000000000000000000000000000000000000000000000000000000000070000000000573440000000000000000000000000
6553565535655356553200000000000000000000573440000000000573440000000000000000000000000000000000000000000000000000000000070000000000573440000000000000000000000000
6553565535655356553200000000000000000000573440000000000573440000000000000000000000000000000000000000000000000000000000070000000000573440000000000000000000000000
6553565535655356553200000000000000000000573440000000000573440000000000000000000000000000000000000000000000000000000000070000000000573440000000000000000000000000
6553565535655356553200000000000000000000573440000000000573440000000000000000000000000000000000000000000000000000000000070000000000573440000000000000000000000000
6553565535655356553200000000000000000000573440000000000573440000000000000000000000000000000000000000000000000000000000070000000000573440000000000000000000000000
6553565535655356553200000000000000000000573440000000000573440000000000000000000000000000000000000000000000000000000000070000000000573440000000000000000000000000
6553565535655356553200000000000000000000573440000000000573440000000000000000000000000000000000000000000000000000000000070000000000573440000000000000000000000000
6553565535655356553200000000000000000000573440000000000573440000000000000000000000000000000000000000000000000000000000070000000000573440000000000000000000000000
6553565535655356553200000000000000000000573440000000000573440000000000000000000000000000000000000000000000000000000000070000000000573440000000000000000000000000
6553565535655356553200000000000000000000573440000000000573440000000000000000000000000000000000000000000000000000000000070000000000573440000000000000000000000000
6553565535655356553200000000000000000000573440000000000573440000000000000000000000000000000000000000000000000000000000070000000000573440000000000000000000000000
6553565535655356553200000000000000000000573440000000000573440000000000000000000000000000000000000000000000000000000000070000000000573440000000000000000000000000
6553565535655356553200000000000000000000573440000000000573440000000000000000000000000000000000000000000000000000000000070000000000573440000000000000000000000000
6553565535655356553200000000000000000000573440000000000573440000000000000000000000000000000000000000000076553565535655350000000000655356553565535655356553565535
6553565535655356553200000000000000000000573440000000000573440000000000000000000000000000000000000000000076553565535655350000000000655356553565535655356553565535
6553565535655356553200000000000000000000573440000000000573440000000000000000000000000000000000000000000076553565535655350000000000655356553565535655356553565535
6553565535655356553200000000000000000000573440000000000573440000000000000000000000000000000000000000000076553565535655350000000000655356553565535655356553565535
6553565535655356553200000000000000000000573440000000000573440000000000000000000000000000000000000000000076553565535655350000000000655356553565535655356553565535
6553565535655356553200000000000000000000573440000000000573440000000000000000000000000000000000000000000076553565535655350000000000655356553565535655356553565535
6553565535655356553200000000000000000000573440000000000573440000000000000000000000000000000000000000000076553565535655350000000000655356553565535655356553565535
6553565535655356553200000000000000000000573440000000000573440000000000000000000000000000000000000000000076553565535655350000000000655356553565535655356553565535
6553565535655356553200000000000000000000573440000000000573440000000000000000000000000000000000000000000076553565535655350000000000655356553565535655356553565535
6553565535655356553200000000000000000000573440000000000573440000000000000000000000000000000000000000000076553565535655350000000000655356553565535655356553565535
6553565535655356553200000000000000000000573440000000000573440000000000000000000000000000000000000000000076553565535655350000000000655356553565535655356553565535
6553565535655356553200000000000000000000573440000000000573440000000000000000000000000000000000000000000076553565535655350000000000655356553565535655356553565535
6553565535655356553200000000000000000000573440000000000573440000000000000000000000000000000000000000000076553565535655350000000000655356553565535655356553565535
6553565535655356553200000000000000000000573440000000000573440000000000000000000000000000000000000000000076553565535655350000000000655356553565535655356553565535
6553565535655356553200000000000000000000573440000000000573440000000000000000000000000000000000000000000076553565535655350000000000655356553565535655356553565535
6553565535655356553200000000000000000000573440000000000573440000000000000000000000000000000000000000000076553565535655350000000000655356553565535655356553565535
6553565535655356553200000000000000000000573440000000000655356553565535573440000000000000000000000000000076553565535655350000000000655356553565535655356553565535
6553565535655356553200000000000000000000573440000000000655356553565535573440000000000000000000000000000076553565535655350000000000655356553565535655356553565535
6553565535655356553200000000000000000000573440000000000655356553565535573440000000000000000000000000000076553565535655350000000000655356553565535655356553565535
6553565535655356553200000000000000000000573440000000000655356553565535573440000000000000000000000000000076553565535655350000000000655356553565535655356553565535
6553565535655356553200000000000000000000573440000000000655356553565535573440000000000000000000000000000076553565535655350000000000655356553565535655356553565535
6553565535655356553200000000000000000000573440000000000655356553565535573440000000000000000000000000000076553565535655350000000000655356553565535655356553565535
6553565535655356553200000000000000000000573440000000000655356553565535573440000000000000000000000000000076553565535655350000000000655356553565535655356553565535
6553565535655356553200000000000000000000573440000000000655356553565535573440000000000000000000000000000076553565535655350000000000655356553565535655356553565535
6553565535655356553200000000000000000000573440000000000655356553565535573440000000000000000000000000000076553565535655350000000000655356553565535655356553565535
6553565535655356553200000000000000000000573440000000000655356553565535573440000000000000000000000000000076553565535655350000000000655356553565535655356553565535
6553565535655356553200000000000000000000573440000000000655356553565535573440000000000000000000000000000076553565535655350000000000655356553565535655356553565535
6553565535655356553200000000000000000000573440000000000655356553565535573440000000000000000000000000000076553565535655350000000000655356553565535655356553565535
6553565535655356553200000000000000000000573440000000000655356553565535573440000000000000000000000000000076553565535655350000000000655356553565535655356553565535
6553565535655356553200000000000000000000573440000000000655356553565535573440000000000000000000000000000076553565535655350000000000655356553565535655356553565535
6553565535655356553200000000000000000000573440000000000655356553565535573440000000000000000000000000000076553565535655350000000000655356553565535655356553565535
6553565535655356553200000000000000000000573440000000000655356553565535573440000000000000000000000000000076553565535655350000000000655356553565535655356553565535
6553565535655356553200000000000000000000573440000000000655356553565535655356553565535655356553565535655350000000000000000000000000000000000016383655356553565535
6553565535655356553200000000000000000000573440000000000655356553565535655356553565535655356553565535655350000000000000000000000000000000000016383655356553565535
6553565535655356553200000000000000000000573440000000000655356553565535655356553565535655356553565535655350000000000000000000000000000000000016383655356553565535
6553565535655356553200000000000000000000573440000000000655356553565535655356553565535655356553565535655350000000000000000000000000000000000016383655356553565535
6553565535655356553200000000000000000000573440000000000655356553565535655356553565535655356553565535655350000000000000000000000000000000000016383655356553565535
6553565535655356553200000000000000000000573440000000000655356553565535655356553565535655356553565535655350000000000000000000000000000000000016383655356553565535
6553565535655356553200000000000000000000573440000000000655356553565535655356553565535655356553565535655350000000000000000000000000000000000016383655356553565535
6553565535655356553200000000000000000000573440000000000655356553565535655356553565535655356553565535655350000000000000000000000000000000000016383655356553565535
6553565535655356553200000000000000000000573440000000000655356553565535655356553565535655356553565535655350000000000000000000000000000000000016383655356553565535
6553565535655356553200000000000000000000573440000000000655356553565535655356553565535655356553565535655350000000000000000000000000000000000016383655356553565535
6553565535655356553200000000000000000000573440000000000655356553565535655356553565535655356553565535655350000000000000000000000000000000000016383655356553565535
6553565535655356553200000000000000000000573440000000000655356553565535655356553565535655356553565535655350000000000000000000000000000000000016383655356553565535
6553565535655356553200000000000000000000573440000000000655356553565535655356553565535655356553565535655350000000000000000000000000000000000016383655356553565535
6553565535655356553200000000000000000000573440000000000655356553565535655356553565535655356553565535655350000000000000000000000000000000000016383655356553565535
6553565535655356553200000000000000000000573440000000000655356553565535655356553565535655356553565535655350000000000000000000000000000000000016383655356553565535
6553565535655356553200000000000000000000573440000000000655356553565535655356553565535655356553565535655350000000000000000000000000000000000016383655356553565535
6553565535655356553200000000000000000000573440000000000000000000000000655356553565535655356553565535655350000000000000000000000000000000000016383655356553565535
6553565535655356553200000000000000000000573440000000000000000000000000655356553565535655356553565535655350000000000000000000000000000000000016383655356553565535
6553565535655356553200000000000000000000573440000000000000000000000000655356553565535655356553565535655350000000000000000000000000000000000016383655356553565535
6553565535655356553200000000000000000000573440000000000000000000000000655356553565535655356553565535655350000000000000000000000000000000000016383655356553565535
6553565535655356553200000000000000000000573440000000000000000000000000655356553565535655356553565535655350000000000000000000000000000000000016383655356553565535
6553565535655356553200000000000000000000573440000000000000000000000000655356553565535655356553565535655350000000000000000000000000000000000016383655356553565535
6553565535655356553200000000000000000000573440000000000000000000000000655356553565535655356553565535655350000000000000000000000000000000000016383655356553565535
6553565535655356553200000000000000000000573440000000000000000000000000655356553565535655356553565535655350000000000000000000000000000000000016383655356553565535
6553565535655356553200000000000000000000573440000000000000000000000000655356553565535655356553565535655350000000000000000000000000000000000016383655356553565535
6553565535655356553200000000000000000000573440000000000000000000000000655356553565535655356553565535655350000000000000000000000000000000000016383655356553565535
6553565535655356553200000000000000000000573440000000000000000000000000655356553565535655356553565535655350000000000000000000000000000000000016383655356553565535
6553565535655356553200000000000000000000573440000000000000000000000000655356553565535655356553565535655350000000000000000000000000000000000016383655356553565535
6553565535655356553200000000000000000000573440000000000000000000000000655356553565535655356553565535655350000000000000000000000000000000000016383655356553565535
6553565535655356553200000000000000000000573440000000000000000000000000655356553565535655356553565535655350000000000000000000000000000000000016383655356553565535
6553565535655356553200000000000000000000573440000000000000000000000000655356553565535655356553565535655350000000000000000000000000000000000016383655356553565535
6553565535655356553200000000000000000000573440000000000000000000000000655356553565535655356553565535655350000000000000000000000000000000000016383655356553565535
6553565535655356553200000000000000000000573440000000000000000000000000000000000000000000000000000000000000000000000000000000000000000000000016383655356553565535
6553565535655356553200000000000000000000573440000000000000000000000000000000000000000000000000000000000000000000000000000000000000000000000016383655356553565535
6553565535655356553200000000000000000000573440000000000000000000000000000000000000000000000000000000000000000000000000000000000000000000000016383655356553565535
6553565535655356553200000000000000000000573440000000000000000000000000000000000000000000000000000000000000000000000000000000000000000000000016383655356553565535
6553565535655356553200000000000000000000573440000000000000000000000000000000000000000000000000000000000000000000000000000000000000000000000016383655356553565535
6553565535655356553200000000000000000000573440000000000000000000000000000000000000000000000000000000000000000000000000000000000000000000000016383655356553565535
6553565535655356553200000000000000000000573440000000000000000000000000000000000000000000000000000000000000000000000000000000000000000000000016383655356553565535
6553565535655356553200000000000000000000573440000000000000000000000000000000000000000000000000000000000000000000000000000000000000000000000016383655356553565535
6553565535655356553200000000000000000000573440000000000000000000000000000000000000000000000000000000000000000000000000000000000000000000000016383655356553565535
6553565535655356553200000000000000000000573440000000000000000000000000000000000000000000000000000000000000000000000000000000000000000000000016383655356553565535
6553565535655356553200000000000000000000573440000000000000000000000000000000000000000000000000000000000000000000000000000000000000000000000016383655356553565535
6553565535655356553200000000000000000000573440000000000000000000000000000000000000000000000000000000000000000000000000000000000000000000000016383655356553565535
6553565535655356553200000000000000000000573440000000000000000000000000000000000000000000000000000000000000000000000000000000000000000000000016383655356553565535
6553565535655356553200000000000000000000573440000000000000000000000000000000000000000000000000000000000000000000000000000000000000000000000016383655356553565535
6553565535655356553200000000000000000000573440000000000000000000000000000000000000000000000000000000000000000000000000000000000000000000000016383655356553565535
6553565535655356553200000000000000000000573440000000000000000000000000000000000000000000000000000000000000000000000000000000000000000000000016383655356553565535
6553565535655356553200000000000000000000573440000000000000000000000000000000000000000000070000000000573440000000000000000000000000000000000016383655356553565535
6553565535655356553200000000000000000000573440000000000000000000000000000000000000000000070000000000573440000000000000000000000000000000000016383655356553565535
6553565535655356553200000000000000000000573440000000000000000000000000000000000000000000070000000000573440000000000000000000000000000000000016383655356553565535
6553565535655356553200000000000000000000573440000000000000000000000000000000000000000000070000000000573440000000000000000000000000000000000016383655356553565535
6553565535655356553200000000000000000000573440000000000000000000000000000000000000000000070000000000573440000000000000000000000000000000000016383655356553565535
6553565535655356553200000000000000000000573440000000000000000000000000000000000000000000070000000000573440000000000000000000000000000000000016383655356553565535
6553565535655356553200000000000000000000573440000000000000000000000000000000000000000000070000000000573440000000000000000000000000000000000016383655356553565535
6553565535655356553200000000000000000000573440000000000000000000000000000000000000000000070000000000573440000000000000000000000000000000000016383655356553565535
6553565535655356553200000000000000000000573440000000000000000000000000000000000000000000070000000000573440000000000000000000000000000000000016383655356553565535
6553565535655356553200000000000000000000573440000000000000000000000000000000000000000000070000000000573440000000000000000000000000000000000016383655356553565535
6553565535655356553200000000000000000000573440000000000000000000000000000000000000000000070000000000573440000000000000000000000000000000000016383655356553565535
6553565535655356553200000000000000000000573440000000000000000000000000000000000000000000070000000000573440000000000000000000000000000000000016383655356553565535
6553565535655356553200000000000000000000573440000000000000000000000000000000000000000000070000000000573440000000000000000000000000000000000016383655356553565535
6553565535655356553200000000000000000000573440000000000000000000000000000000000000000000070000000000573440000000000000000000000000000000000016383655356553565535
6553565535655356553200000000000000000000573440000000000000000000000000000000000000000000070000000000573440000000000000000000000000000000000016383655356553565535
6553565535655356553200000000000000000000573440000000000000000000000000000000000000000000070000000000573440000000000000000000000000000000000016383655356553565535
6553565535655356553200000000000000000000573440000000000000000000000000000076553565535655350000000000655356553565535655355734400000000000000000000163836553565535
6553565535655356553200000000000000000000573440000000000000000000000000000076553565535655350000000000655356553565535655355734400000000000000000000163836553565535
6553565535655356553200000000000000000000573440000000000000000000000000000076553565535655350000000000655356553565535655355734400000000000000000000163836553565535
6553565535655356553200000000000000000000573440000000000000000000000000000076553565535655350000000000655356553565535655355734400000000000000000000163836553565535
6553565535655356553200000000000000000000573440000000000000000000000000000076553565535655350000000000655356553565535655355734400000000000000000000163836553565535
6553565535655356553200000000000000000000573440000000000000000000000000000076553565535655350000000000655356553565535655355734400000000000000000000163836553565535
6553565535655356553200000000000000000000573440000000000000000000000000000076553565535655350000000000655356553565535655355734400000000000000000000163836553565535
6553565535655356553200000000000000000000573440000000000000000000000000000076553565535655350000000000655356553565535655355734400000000000000000000163836553565535
6553565535655356553200000000000000000000573440000000000000000000000000000076553565535655350000000000655356553565535655355734400000000000000000000163836553565535
6553565535655356553200000000000000000000573440000000000000000000000000000076553565535655350000000000655356553565535655355734400000000000000000000163836553565535
6553565535655356553200000000000000000000573440000000000000000000000000000076553565535655350000000000655356553565535655355734400000000000000000000163836553565535
6553565535655356553200000000000000000000573440000000000000000000000000000076553565535655350000000000655356553565535655355734400000000000000000000163836553565535
6553565535655356553200000000000000000000573440000000000000000000000000000076553565535655350000000000655356553565535655355734400000000000000000000163836553565535
6553565535655356553200000000000000000000573440000000000000000000000000000076553565535655350000000000655356553565535655355734400000000000000000000163836553565535
6553565535655356553200000000000000000000573440000000000000000000000000000076553565535655350000000000655356553565535655355734400000000000000000000163836553565535
6553565535655356553200000000000000000000573440000000000000000000000000000076553565535655350000000000655356553565535655355734400000000000000000000163836553565535
6553565535655356553200000000000000000000573440000000000000000000000000000076553565535655350000000000655356553565535655356553565535655356553565535655356553565535
6553565535655356553200000000000000000000573440000000000000000000000000000076553565535655350000000000655356553565535655356553565535655356553565535655356553565535
6553565535655356553200000000000000000000573440000000000000000000000000000076553565535655350000000000655356553565535655356553565535655356553565535655356553565535
6553565535655356553200000000000000000000573440000000000000000000000000000076553565535655350000000000655356553565535655356553565535655356553565535655356553565535
6553565535655356553200000000000000000000573440000000000000000000000000000076553565535655350000000000655356553565535655356553565535655356553565535655356553565535
6553565535655356553200000000000000000000573440000000000000000000000000000076553565535655350000000000655356553565535655356553565535655356553565535655356553565535
6553565535655356553200000000000000000000573440000000000000000000000000000076553565535655350000000000655356553565535655356553565535655356553565535655356553565535
6553565535655356553200000000000000000000573440000000000000000000000000000076553565535655350000000000655356553565535655356553565535655356553565535655356553565535
6553565535655356553200000000000000000000573440000000000000000000000000000076553565535655350000000000655356553565535655356553565535655356553565535655356553565535
6553565535655356553200000000000000000000573440000000000000000000000000000076553565535655350000000000655356553565535655356553565535655356553565535655356553565535
6553565535655356553200000000000000000000573440000000000000000000000000000076553565535655350000000000655356553565535655356553565535655356553565535655356553565535
6553565535655356553200000000000000000000573440000000000000000000000000000076553565535655350000000000655356553565535655356553565535655356553565535655356553565535
6553565535655356553200000000000000000000573440000000000000000000000000000076553565535655350000000000655356553565535655356553565535655356553565535655356553565535
6553565535655356553200000000000000000000573440000000000000000000000000000076553565535655350000000000655356553565535655356553565535655356553565535655356553565535
6553565535655356553200000000000000000000573440000000000000000000000000000076553565535655350000000000655356553565535655356553565535655356553565535655356553565535
6553565535655356553200000000000000000000573440000000000000000000000000000076553565535655350000000000655356553565535655356553565535655356553565535655356553565535
6553565535655356553200000000000000000000655356553565535655356553565535655350000000000000000000000000000000000000000000006553565535655356553565535655356553565535
6553565535655356553200000000000000000000655356553565535655356553565535655350000000000000000000000000000000000000000000006553565535655356553565535655356553565535
6553565535655356553200000000000000000000655356553565535655356553565535655350000000000000000000000000000000000000000000006553565535655356553565535655356553565535
6553565535655356553200000000000000000000655356553565535655356553565535655350000000000000000000000000000000000000000000006553565535655356553565535655356553565535
6553565535655356553200000000000000000000655356553565535655356553565535655350000000000000000000000000000000000000000000006553565535655356553565535655356553565535
6553565535655356553200000000000000000000655356553565535655356553565535655350000000000000000000000000000000000000000000006553565535655356553565535655356553565535
6553565535655356553200000000000000000000655356553565535655356553565535655350000000000000000000000000000000000000000000006553565535655356553565535655356553565535
6553565535655356553200000000000000000000655356553565535655356553565535655350000000000000000000000000000000000000000000006553565535655356553565535655356553565535
6553565535655356553200000000000000000000655356553565535655356553565535655350000000000000000000000000000000000000000000006553565535655356553565535655356553565535
6553565535655356553200000000000000000000655356553565535655356553565535655350000000000000000000000000000000000000000000006553565535655356553565535655356553565535
6553565535655356553200000000000000000000655356553565535655356553565535655350000000000000000000000000000000000000000000006553565535655356553565535655356553565535
6553565535655356553200000000000000000000655356553565535655356553565535655350000000000000000000000000000000000000000000006553565535655356553565535655356553565535
6553565535655356553200000000000000000000655356553565535655356553565535655350000000000000000000000000000000000000000000006553565535655356553565535655356553565535
6553565535655356553200000000000000000000655356553565535655356553565535655350000000000000000000000000000000000000000000006553565535655356553565535655356553565535
6553565535655356553200000000000000000000655356553565535655356553565535655350000000000000000000000000000000000000000000006553565535655356553565535655356553565535
6553565535655356553200000000000000000000655356553565535655356553565535655350000000000000000000000000000000000000000000006553565535655356553565535655356553565535
6553565535655356553200000000000000000000655356553565535655356553565535655350000000000000000000000000000000000000000000000000000000000000000016383655356553565535
6553565535655356553200000000000000000000655356553565535655356553565535655350000000000000000000000000000000000000000000000000000000000000000016383655356553565535
6553565535655356553200000000000000000000655356553565535655356553565535655350000000000000000000000000000000000000000000000000000000000000000016383655356553565535
6553565535655356553200000000000000000000655356553565535655356553565535655350000000000000000000000000000000000000000000000000000000000000000016383655356553565535
6553565535655356553200000000000000000000655356553565535655356553565535655350000000000000000000000000000000000000000000000000000000000000000016383655356553565535
6553565535655356553200000000000000000000655356553565535655356553565535655350000000000000000000000000000000000000000000000000000000000000000016383655356553565535
6553565535655356553200000000000000000000655356553565535655356553565535655350000000000000000000000000000000000000000000000000000000000000000016383655356553565535
6553565535655356553200000000000000000000655356553565535655356553565535655350000000000000000000000000000000000000000000000000000000000000000016383655356553565535
6553565535655356553200000000000000000000655356553565535655356553565535655350000000000000000000000000000000000000000000000000000000000000000016383655356553565535
6553565535655356553200000000000000000000655356553565535655356553565535655350000000000000000000000000000000000000000000000000000000000000000016383655356553565535
6553565535655356553200000000000000000000655356553565535655356553565535655350000000000000000000000000000000000000000000000000000000000000000016383655356553565535
6553565535655356553200000000000000000000655356553565535655356553565535655350000000000000000000000000000000000000000000000000000000000000000016383655356553565535
6553565535655356553200000000000000000000655356553565535655356553565535655350000000000000000000000000000000000000000000000000000000000000000016383655356553565535
6553565535655356553200000000000000000000655356553565535655356553565535655350000000000000000000000000000000000000000000000000000000000000000016383655356553565535
6553565535655356553200000000000000000000655356553565535655356553565535655350000000000000000000000000000000000000000000000000000000000000000016383655356553565535
6553565535655356553200000000000000000000655356553565535655356553565535655350000000000000000000000000000000000000000000000000000000000000000016383655356553565535
6553565535655356553200000000000000000000000000000000000000000000000000000000000000000000000000000000000000000000000000000000000000000000000016383655356553565535
6553565535655356553200000000000000000000000000000000000000000000000000000000000000000000000000000000000000000000000000000000000000000000000016383655356553565535
6553565535655356553200000000000000000000000000000000000000000000000000000000000000000000000000000000000000000000000000000000000000000000000016383655356553565535
6553565535655356553200000000000000000000000000000000000000000000000000000000000000000000000000000000000000000000000000000000000000000000000016383655356553565535
6553565535655356553200000000000000000000000000000000000000000000000000000000000000000000000000000000000000000000000000000000000000000000000016383655356553565535
6553565535655356553200000000000000000000000000000000000000000000000000000000000000000000000000000000000000000000000000000000000000000000000016383655356553565535
6553565535655356553200000000000000000000000000000000000000000000000000000000000000000000000000000000000000000000000000000000000000000000000016383655356553565535
6553565535655356553200000000000000000000000000000000000000000000000000000000000000000000000000000000000000000000000000000000000000000000000016383655356553565535
6553565535655356553200000000000000000000000000000000000000000000000000000000000000000000000000000000000000000000000000000000000000000000000016383655356553565535
6553565535655356553200000000000000000000000000000000000000000000000000000000000000000000000000000000000000000000000000000000000000000000000016383655356553565535
6553565535655356553200000000000000000000000000000000000000000000000000000000000000000000000000000000000000000000000000000000000000000000000016383655356553565535
6553565535655356553200000000000000000000000000000000000000000000000000000000000000000000000000000000000000000000000000000000000000000000000016383655356553565535
6553565535655356553200000000000000000000000000000000000000000000000000000000000000000000000000000000000000000000000000000000000000000000000016383655356553565535
6553565535655356553200000000000000000000000000000000000000000000000000000000000000000000000000000000000000000000000000000000000000000000000016383655356553565535
6553565535655356553200000000000000000000000000000000000000000000000000000000000000000000000000000000000000000000000000000000000000000000000016383655356553565535
6553565535655356553200000000000000000000000000000000000000000000000000000000000000000000000000000000000000000000000000000000000000000000000016383655356553565535
6553565535655356553200000000000000000000000000000000000000000000000000000000000000000000000000000000000000000000000000000000000000000000000016383655356553565535
6553565535655356553200000000000000000000000000000000000000000000000000000000000000000000000000000000000000000000000000000000000000000000000016383655356553565535
6553565535655356553200000000000000000000000000000000000000000000000000000000000000000000000000000000000000000000000000000000000000000000000016383655356553565535
6553565535655356553200000000000000000000000000000000000000000000000000000000000000000000000000000000000000000000000000000000000000000000000016383655356553565535
6553565535655356553200000000000000000000000000000000000000000000000000000000000000000000000000000000000000000000000000000000000000000000000016383655356553565535
6553565535655356553200000000000000000000000000000000000000000000000000000000000000000000000000000000000000000000000000000000000000000000000016383655356553565535
6553565535655356553200000000000000000000000000000000000000000000000000000000000000000000000000000000000000000000000000000000000000000000000016383655356553565535
6553565535655356553200000000000000000000000000000000000000000000000000000000000000000000000000000000000000000000000000000000000000000000000016383655356553565535
6553565535655356553200000000000000000000000000000000000000000000000000000000000000000000000000000000000000000000000000000000000000000000000016383655356553565535
6553565535655356553200000000000000000000000000000000000000000000000000000000000000000000000000000000000000000000000000000000000000000000000016383655356553565535
6553565535655356553200000000000000000000000000000000000000000000000000000000000000000000000000000000000000000000000000000000000000000000000016383655356553565535
6553565535655356553200000000000000000000000000000000000000000000000000000000000000000000000000000000000000000000000000000000000000000000000016383655356553565535
6553565535655356553200000000000000000000000000000000000000000000000000000000000000000000000000000000000000000000000000000000000000000000000016383655356553565535
6553565535655356553200000000000000000000000000000000000000000000000000000000000000000000000000000000000000000000000000000000000000000000000016383655356553565535
6553565535655356553200000000000000000000000000000000000000000000000000000000000000000000000000000000000000000000000000000000000000000000000016383655356553565535
6553565535655356553200000000000000000000000000000000000000000000000000000000000000000000000000000000000000000000000000000000000000000000000016383655356553565535
6553565535655356553200000000000000000000000000000000000000000000000000000000000000000000000000000000000000000000000000000000000000000000000016383655356553565535
6553565535655356553200000000000000000000000000000000000000000000000000000000000000000000000000000000000000000000000000000000000000000000000016383655356553565535
6553565535655356553200000000000000000000000000000000000000000000000000000000000000000000000000000000000000000000000000000000000000000000000016383655356553565535
6553565535655356553200000000000000000000000000000000000000000000000000000000000000000000000000000000000000000000000000000000000000000000000016383655356553565535
6553565535655356553200000000000000000000000000000000000000000000000000000000000000000000000000000000000000000000000000000000000000000000000016383655356553565535
6553565535655356553200000000000000000000000000000000000000000000000000000000000000000000000000000000000000000000000000000000000000000000000016383655356553565535
6553565535655356553200000000000000000000000000000000000000000000000000000000000000000000000000000000000000000000000000000000000000000000000016383655356553565535
6553565535655356553200000000000000000000000000000000000000000000000000000000000000000000000000000000000000000000000000000000000000000000000016383655356553565535
6553565535655356553200000000000000000000000000000000000000000000000000000000000000000000000000000000000000000000000000000000000000000000000016383655356553565535
6553565535655356553200000000000000000000000000000000000000000000000000000000000000000000000000000000000000000000000000000000000000000000000016383655356553565535
6553565535655356553200000000000000000000000000000000000000000000000000000000000000000000000000000000000000000000000000000000000000000000000016383655356553565535
6553565535655356553200000000000000000000000000000000000000000000000000000000000000000000000000000000000000000000000000000000000000000000000016383655356553565535
6553565535655356553200000000000000000000000000000000000000000000000000000000000000000000000000000000000000000000000000000000000000000000000016383655356553565535
6553565535655356553200000000000000000000000000000000000000000000000000000000000000000000000000000000000000000000000000000000000000000000000016383655356553565535
6553565535655356553200000000000000000000000000000000000000000000000000000000000000000000000000000000000000000000000000000000000000000000000016383655356553565535
6553565535655356553200000000000000000000000000000000000000000000000000000000000000000000000000000000000000000000000000000000000000000000000016383655356553565535
6553565535655356553200000000000000000000000000000000000000000000000000000000000000000000000000000000000000000000000000000000000000000000000016383655356553565535
6553565535655356553200000000000000000000000000000000000000000000000000000000000000000000000000000000000000000000000000000000000000000000000016383655356553565535
6553565535655356553200000000000000000000000000000000000000000000000000000000000000000000000000000000000000000000000000000000000000000000000016383655356553565535
6553565535655356553200000000000000000000000000000000000000000000000000000000000000000000000000000000000000000000000000000000000000000000000016383655356553565535
6553565535655356553200000000000000000000000000000000000000000000000000000000000000000000000000000000000000000000000000000000000000000000000016383655356553565535
6553565535655356553200000000000000000000000000000000000000000000000000000000000000000000000000000000000000000000000000000000000000000000000016383655356553565535
6553565535655356553200000000000000000000000000000000000000000000000000000000000000000000000000000000000000000000000000000000000000000000000016383655356553565535
6553565535655356553200000000000000000000000000000000000000000000000000000000000000000000000000000000000000000000000000000000000000000000000016383655356553565535
6553565535655356553200000000000000000000000000000000000000000000000000000000000000000000000000000000000000000000000000000000000000000000000016383655356553565535
6553565535655356553200000000000000000000000000000000000000000000000000000000000000000000000000000000000000000000000000000000000000000000000016383655356553565535
6553565535655356553200000000000000000000000000000000000000000000000000000000000000000000000000000000000000000000000000000000000000000000000016383655356553565535
6553565535655356553200000000000000000000000000000000000000000000000000000000000000000000000000000000000000000000000000000000000000000000000016383655356553565535
6553565535655356553200000000000000000000000000000000000000000000000000000000000000000000000000000000000000000000000000000000000000000000000016383655356553565535
6553565535655356553200000000000000000000000000000000000000000000000000000000000000000000000000000000000000000000000000000000000000000000000016383655356553565535
6553565535655356553200000000000000000000000000000000000000000000000000000000000000000000000000000000000000000000000000000000000000000000000016383655356553565535
6553565535655356553200000000000000000000000000000000000000000000000000000000000000000000000000000000000000000000000000000000000000000000000016383655356553565535
6553565535655356553200000000000000000000000000000000000000000000000000000000000000000000000000000000000000000000000000000000000000000000000016383655356553565535
6553565535655356553200000000000000000000000000000000000000000000000000000000000000000000000000000000000000000000000000000000000000000000000016383655356553565535
6553565535655356553200000000000000000000000000000000000000000000000000000000000000000000000000000000000000000000000000000000000000000000000016383655356553565535
6553565535655356553200000000000000000000000000000000000000000000000000000000000000000000000000000000000000000000000000000000000000000000000016383655356553565535
6553565535655356553200000000000000000000000000000000000000000000000000000000000000000000000000000000000000000000000000000000000000000000000016383655356553565535
6553565535655356553200000000000000000000000000000000000000000000000000000000000000000000000000000000000000000000000000000000000000000000000016383655356553565535
6553565535655356553200000000000000000000000000000000000000000000000000000000000000000000000000000000000000000000000000000000000000000000000016383655356553565535
6553565535655356553200000000000000000000000000000000000000000000000000000000000000000000000000000000000000000000000000000000000000000000000016383655356553565535
6553565535655356553200000000000000000000000000000000000000000000000000000000000000000000000000000000000000000000000000000000000000000000000016383655356553565535
6553565535655356553200000000000000000000000000000000000000000000000000000000000000000000000000000000000000000000000000000000000000000000000016383655356553565535
6553565535655356553200000000000000000000000000000000000000000000000000000000000000000000000000000000000000000000000000000000000000000000000016383655356553565535
6553565535655356553200000000000000000000000000000000000000000000000000000000000000000000000000000000000000000000000000000000000000000000000016383655356553565535
6553565535655356553200000000000000000000000000000000000000000000000000000000000000000000000000000000000000000000000000000000000000000000000016383655356553565535
6553565535655356553200000000000000000000000000000000000000000000000000000000000000000000000000000000000000000000000000000000000000000000000016383655356553565535
6553565535655356553200000000000000000000000000000000000000000000000000000000000000000000000000000000000000000000000000000000000000000000000016383655356553565535
6553565535655356553200000000000000000000000000000000000000000000000000000000000000000000000000000000000000000000000000000000000000000000000016383655356553565535
6553565535655356553200000000000000000000000000000000000000000000000000000000000000000000000000000000000000000000000000000000000000000000000016383655356553565535
6553565535655356553200000000000000000000000000000000000000000000000000000000000000000000000000000000000000000000000000000000000000000000000016383655356553565535
6553565535655356553200000000000000000000000000000000000000000000000000000000000000000000000000000000000000000000000000000000000000000000000016383655356553565535
6553565535655356553200000000000000000000000000000000000000000000000000000000000000000000000000000000000000000000000000000000000000000000000016383655356553565535
6553565535655356553200000000000000000000000000000000000000000000000000000000000000000000000000000000000000000000000000000000000000000000000016383655356553565535
6553565535655356553200000000000000000000000000000000000000000000000000000000000000000000000000000000000000000000000000000000000000000000000016383655356553565535
6553565535655356553200000000000000000000000000000000000000000000000000000000000000000000000000000000000000000000000000000000000000000000000016383655356553565535
6553565535655356553565535655356553565535655356553565535655356553565535655356553565535655356553565535655356553565535655356553565535655356553565535655356553565535
6553565535655356553565535655356553565535655356553565535655356553565535655356553565535655356553565535655356553565535655356553565535655356553565535655356553565535
6553565535655356553565535655356553565535655356553565535655356553565535655356553565535655356553565535655356553565535655356553565535655356553565535655356553565535
6553565535655356553565535655356553565535655356553565535655356553565535655356553565535655356553565535655356553565535655356553565535655356553565535655356553565535
6553565535655356553565535655356553565535655356553565535655356553565535655356553565535655356553565535655356553565535655356553565535655356553565535655356553565535
6553565535655356553565535655356553565535655356553565535655356553565535655356553565535655356553565535655356553565535655356553565535655356553565535655356553565535
6553565535655356553565535655356553565535655356553565535655356553565535655356553565535655356553565535655356553565535655356553565535655356553565535655356553565535
6553565535655356553565535655356553565535655356553565535655356553565535655356553565535655356553565535655356553565535655356553565535655356553565535655356553565535
6553565535655356553565535655356553565535655356553565535655356553565535655356553565535655356553565535655356553565535655356553565535655356553565535655356553565535
6553565535655356553565535655356553565535655356553565535655356553565535655356553565535655356553565535655356553565535655356553565535655356553565535655356553565535
6553565535655356553565535655356553565535655356553565535655356553565535655356553565535655356553565535655356553565535655356553565535655356553565535655356553565535
6553565535655356553565535655356553565535655356553565535655356553565535655356553565535655356553565535655356553565535655356553565535655356553565535655356553565535
6553565535655356553565535655356553565535655356553565535655356553565535655356553565535655356553565535655356553565535655356553565535655356553565535655356553565535
6553565535655356553565535655356553565535655356553565535655356553565535655356553565535655356553565535655356553565535655356553565535655356553565535655356553565535
6553565535655356553565535655356553565535655356553565535655356553565535655356553565535655356553565535655356553565535655356553565535655356553565535655356553565535
6553565535655356553565535655356553565535655356553565535655356553565535655356553565535655356553565535655356553565535655356553565535655356553565535655356553565535
6553565535655356553565535655356553565535655356553565535655356553565535655356553565535655356553565535655356553565535655356553565535655356553565535655356553565535
6553565535655356553565535655356553565535655356553565535655356553565535655356553565535655356553565535655356553565535655356553565535655356553565535655356553565535
6553565535655356553565535655356553565535655356553565535655356553565535655356553565535655356553565535655356553565535655356553565535655356553565535655356553565535
6553565535655356553565535655356553565535655356553565535655356553565535655356553565535655356553565535655356553565535655356553565535655356553565535655356553565535
6553565535655356553565535655356553565535655356553565535655356553565535655356553565535655356553565535655356553565535655356553565535655356553565535655356553565535
6553565535655356553565535655356553565535655356553565535655356553565535655356553565535655356553565535655356553565535655356553565535655356553565535655356553565535
6553565535655356553565535655356553565535655356553565535655356553565535655356553565535655356553565535655356553565535655356553565535655356553565535655356553565535
6553565535655356553565535655356553565535655356553565535655356553565535655356553565535655356553565535655356553565535655356553565535655356553565535655356553565535
6553565535655356553565535655356553565535655356553565535655356553565535655356553565535655356553565535655356553565535655356553565535655356553565535655356553565535
6553565535655356553565535655356553565535655356553565535655356553565535655356553565535655356553565535655356553565535655356553565535655356553565535655356553565535
6553565535655356553565535655356553565535655356553565535655356553565535655356553565535655356553565535655356553565535655356553565535655356553565535655356553565535
6553565535655356553565535655356553565535655356553565535655356553565535655356553565535655356553565535655356553565535655356553565535655356553565535655356553565535
6553565535655356553565535655356553565535655356553565535655356553565535655356553565535655356553565535655356553565535655356553565535655356553565535655356553565535
6553565535655356553565535655356553565535655356553565535655356553565535655356553565535655356553565535655356553565535655356553565535655356553565535655356553565535
6553565535655356553565535655356553565535655356553565535655356553565535655356553565535655356553565535655356553565535655356553565535655356553565535655356553565535
6553565535655356553565535655356553565535655356553565535655356553565535655356553565535655356553565535655356553565535655356553565535655356553565535655356553565535
6553565535655356553565535655356553565535655356553565535655356553565535655356553565535655356553565535655356553565535655356553565535655356553565535655356553565535
6553565535655356553565535655356553565535655356553565535655356553565535655356553565535655356553565535655356553565535655356553565535655356553565535655356553565535
6553565535655356553565535655356553565535655356553565535655356553565535655356553565535655356553565535655356553565535655356553565535655356553565535655356553565535
6553565535655356553565535655356553565535655356553565535655356553565535655356553565535655356553565535655356553565535655356553565535655356553565535655356553565535
6553565535655356553565535655356553565535655356553565535655356553565535655356553565535655356553565535655356553565535655356553565535655356553565535655356553565535
6553565535655356553565535655356553565535655356553565535655356553565535655356553565535655356553565535655356553565535655356553565535655356553565535655356553565535
6553565535655356553565535655356553565535655356553565535655356553565535655356553565535655356553565535655356553565535655356553565535655356553565535655356553565535
6553565535655356553565535655356553565535655356553565535655356553565535655356553565535655356553565535655356553565535655356553565535655356553565535655356553565535
6553565535655356553565535655356553565535655356553565535655356553565535655356553565535655356553565535655356553565535655356553565535655356553565535655356553565535